ISC file: c3540.isc

Gate	Type	Fanout
1	PI	 1670 1667 1409 1219 1197 914 913 874 779 772 769
13	PI	 1670 1667 913 793 786 782
20	PI	 1117 915 914 895 892 891 890 883 803 798 794 793
33	PI	 916 914 896 829 825 821 820
41	PI	 835 832 829
45	PI	 1337 839 836 835
50	PI	 2068 1870 1792 950 842 665 655
58	PI	 2148 2073 1875 956 953 848 845 679 670
68	PI	 2078 1880 877 854 851 690 686 683
77	PI	 2083 2022 1885 1798 1791 1589 706 702 699
87	PI	 2088 2024 1890 1735 1714 861 858 724 715
97	PI	 2093 2026 1895 962 959 867 864 736 727
107	PI	 2098 2028 1900 1797 880 870 749 740
116	PI	 2103 2030 1905 1799 1600 763 753
124	PI	 3207
125	PI	 3215 3214
128	PI	 3223 3222 3213
132	PI	 3231 3230 3221 3212
137	PI	 3239 3238 3229 3220 3211
143	PI	 3247 3246 3237 3228 3219 3210
150	PI	 3255 3254 3245 3236 3227 3218 3209 1788
159	PI	 3263 3262 3253 3244 3235 3226 3217 3208 1790
169	PI	 3664 3645 3463 3455 3439 3431 3423 3407 1179
179	PI	 3667 3648 3466 3458 3442 3434 3426 3410 917 892
190	PI	 3670 3651 3469 3461 3445 3437 3429 3413 886
200	PI	 3671 3652 3470 3462 3446 3438 3430 3414 1803 891 890 889
213	PI	 5215 1926 1922 1917 1913 1912 1909 920
222	PI	 1643
223	PI	 2023 1644
226	PI	 2417 2025 1645 1251 926
232	PI	 2420 2027 1646 1252 929
238	PI	 2425 2029 1647 1253 932
244	PI	 2430 2031 1648 1254 935
250	PI	 2435 2033 1649 1255 1067 938
257	PI	 2438 2035 1650 1256 941 768
264	PI	 2443 2037 1257 944 768
270	PI	 2448 1258 947
274	PI	 2449 2444 2439 2436 2431 2426 2421 2418
283	PI	 3328 3321 3314 3307 3300 3293 3286 3271 2032 1801
294	PI	 3329 3322 3315 3308 3301 3294 3279 2034
303	PI	 3330 3323 3316 3309 3302 3287 2036
311	PI	 3331 3324 3317 3310 3295
317	PI	 3332 3325 3318 3303
322	PI	 3333 3326 3311
326	PI	 3334 3319
329	PI	 3327
330	PI	 4772 4608 4549 4545 4493 4435 4390 4387 4331 4242 4186 965
343	PI	 1926 1922 1917 1913 923
349	PI	 896
350	PI	 2310 2307
655	BUF	 3270 3261 3252 3243 3234 3225 3216 1520 1251
665	NOT	 2898 2398 2148 1268
670	BUF	 3272 3269 3260 3251 3242 3233 3224 1252
679	NOT	 2899 1471 1263
683	BUF	 1729 1267
686	NOT	 2900 1475 1263
690	BUF	 3280 3273 3268 3259 3250 3241 3232 1253
699	BUF	 2348 1267
702	NOT	 2901 1505 1478
706	BUF	 3288 3281 3274 3267 3258 3249 3240 1254
715	BUF	 3296 3289 3282 3275 3266 3257 3248 1255
724	NOT	 2347 1481
727	BUF	 3304 3297 3290 3283 3276 3265 3256 1256
736	NOT	 2351 1484 1264
740	BUF	 3312 3305 3298 3291 3284 3277 3264 1257
749	NOT	 2355 1487 1264
753	BUF	 3320 3313 3306 3299 3292 3285 3278 2349 1258
763	NOT	 2353 1725 1722 1490
768	OR	 1067
769	NOT	 1452 1322
772	BUF	 1821 1761 1756 1331 1328 1325
779	NOT	 1315 1306
782	BUF	 1452 1337 1279
786	NOT	 1833 1824 1761 1331 1328 1325
793	AND	 1196
794	NOT	 1824 1452 1337
798	BUF	 1761 1756 1328 1325
803	NOT	 1599 1596 1594 1591 1588 1585 1583 1580 1352 1351 1350 1349 1348 1347 1346 1345
820	NOT	 1117
821	BUF	 1818 1738 1369
825	NOT	 1747 1384 1298
829	AND	 1427 1426
832	NOT	 1315 1302
835	OR	 1306
836	BUF	 1322 1315
839	NOT	 1276 1273
842	NOT	 1338 1250
845	BUF	 1794 1787
848	NOT	 1338 1250
851	BUF	 1796 1789
854	NOT	 1586 1338 1250
858	BUF	 1800 1793
861	NOT	 1343 1340
864	BUF	 1802 1795
867	NOT	 1343 1340
870	NOT	 1597 1343 1340
874	BUF	 1562 1334
877	BUF	 1496 1493
880	BUF	 1502 1499
883	NOT	 1358 1353
886	BUF	 1358 1353
889	NOT	 1806
890	AND	 1809
891	NAND	 1812
892	AND	 1366 1363
895	NOT	 1179
896	OR	 1864 1862 1860 1858 1856 1854 1852 1850 1408 1407 1406 1405 1404 1403 1402 1401
913	NAND	 1202
914	NAND	 1202
915	NOT	 1197
916	NOT	 1219
917	BUF	 3383 1459
920	NOT	 1464 1461
923	BUF	 1464 1461
926	BUF	 1510 1259
929	BUF	 1509 1260
932	BUF	 1512 1261
935	BUF	 1511 1262
938	BUF	 1692 1467
941	BUF	 1691 1468
944	BUF	 1694 1469
947	BUF	 1693 1470
950	BUF	 2133 1474
953	BUF	 1960 1271
956	BUF	 1981 1339
959	BUF	 1961 1272
962	BUF	 1982 1344
965	BUF	 4515 1460
1067	AND	 1983
1117	OR	 1599 1598 1596 1595 1594 1593 1591 1590 1588 1587 1585 1584 1583 1582 1580 1579
1179	OR	 1821
1196	NOT	 1409
1197	OR	 2083 2078 2073 2068
1202	AND	 1904 1899 1894 1889 1884 1879 1874 1869 1680 1679 1678 1677 1676 1675 1674 1673
1219	OR	 2103 2098 2093 2088
1250	AND	 1505
1251	NAND	 1507
1252	NAND	 1507
1253	NAND	 1507
1254	NAND	 1507
1255	NAND	 1508
1256	NAND	 1508
1257	NAND	 1508
1258	NAND	 1508
1259	NOT	 1509
1260	NOT	 1510
1261	NOT	 1511
1262	NOT	 1512
1263	NAND	 1520
1264	NAND	 1735 1714
1267	NAND	 2148
1268	BUF	 1729 1726
1271	NOT	 1727
1272	NOT	 1730
1273	BUF	 2350 1736
1276	BUF	 1966 1737
1279	BUF	 1821 1756
1298	BUF	 1833 1824 1815
1302	BUF	 1818 1815 1761
1306	AND	 2431 2426 2421 2418 1888 1883 1878 1873
1315	AND	 2449 2444 2439 1908 1903 1898
1322	AND	 2436 1893
1325	AND	 1747 1738
1328	NAND	 2181 1768
1331	NAND	 2184 1770
1334	BUF	 2482 1769
1337	NAND	 1562
1338	NAND	 1581
1339	NOT	 1764
1340	AND	 1725 1722
1343	NAND	 1592
1344	NOT	 1766
1345	NOT	 1581
1346	NOT	 2486
1347	NOT	 1586
1348	NOT	 1589
1349	NOT	 1592
1350	NOT	 2487
1351	NOT	 1597
1352	NOT	 1600
1353	OR	 2206 2203 2194 2191
1358	BAD	 2200 2197 2188 2185
1363	BUF	 1806 1803
1366	NOT	 1812 1809
1369	BUF	 3552 3550 3548 3546 3544 3542 3540 1848 1847 1846 1845 1844 1843 1842
1384	BUF	 1864 1863 1862 1861 1860 1859 1858 1857 1856 1855 1854 1853 1852 1851 1850 1849
1401	NOT	 1643
1402	NOT	 1644
1403	NOT	 1645
1404	NOT	 1646
1405	NOT	 1647
1406	NOT	 1648
1407	NOT	 1649
1408	NOT	 1650
1409	OR	 1905 1904 1900 1899 1895 1894 1890 1889 1885 1884 1880 1879 1875 1874 1870 1869
1426	NOT	 1667
1427	NOT	 1670
1452	AND	 1926 1922 1917 1913 1912 1909
1459	NOT	 3194
1460	NOT	 4463
1461	OR	 5128 5114
1464	BAD	 5136 1930
1467	NOT	 1691
1468	NOT	 1692
1469	NOT	 1693
1470	NOT	 1694
1471	BUF	 1940 1939
1474	NOT	 1940
1475	BUF	 2135 1941
1478	BUF	 2134 1942
1481	BUF	 2137 1943
1484	BUF	 2136 1944
1487	BUF	 2139 1945
1490	BUF	 2138 1946
1493	BUF	 1728 1727
1496	BUF	 1765 1764
1499	BUF	 1731 1730
1502	BUF	 1767 1766
1505	NAND	 1713
1507	AND	 1721
1508	AND	 1721
1509	NAND	 1715
1510	NAND	 1715
1511	NAND	 1718
1512	NAND	 1718
1520	AND	 2758 2376 1966
1562	AND	 2744 2742 2740 2738 2736 2734 2732 2730 2128 2127 2126 2125 2124 2123 2122 2121
1579	NOT	 1787
1580	AND	 1788
1581	AND	 1986
1582	NOT	 1789
1583	AND	 1790
1584	NOT	 1791
1585	AND	 1792
1586	AND	 1987
1587	NOT	 1793
1588	AND	 1794
1589	AND	 1988
1590	NOT	 1795
1591	AND	 1796
1592	AND	 1989
1593	NOT	 1797
1594	AND	 1798
1595	NOT	 1799
1596	AND	 1800
1597	AND	 1990
1598	NOT	 1801
1599	AND	 1802
1600	AND	 1991
1643	AND	 2238
1644	AND	 2239
1645	AND	 2240
1646	AND	 2241
1647	AND	 2242
1648	AND	 2243
1649	AND	 2244
1650	AND	 2245
1667	AND	 2043 2038
1670	AND	 2057 2052
1673	NOT	 2270
1674	NOT	 3119
1675	NOT	 2277
1676	NOT	 2282
1677	NOT	 2287
1678	NOT	 3149
1679	NOT	 2294
1680	NOT	 2299
1691	NAND	 1933
1692	NAND	 1933
1693	NAND	 1936
1694	NAND	 1936
1713	NOT	 5362
1714	AND	 1947
1715	NAND	 2319 2313
1718	NAND	 2322 2316
1721	NAND	 2379
1722	AND	 2761 2148
1725	NAND	 2354
1726	NOT	 2348
1727	NAND	 2146
1728	NOT	 1960
1729	AND	 2478
1730	NAND	 2147
1731	NOT	 1961
1735	NAND	 2352
1736	NOT	 3387
1737	NOT	 3389
1738	NAND	 2157 2155 2154 2152 2150 2149 2144 2143
1747	NAND	 2157 2156 2154 2153 2151 2150 2145 2144
1756	NAND	 2184 2183 2181 2180
1761	NAND	 2175 2158
1764	NAND	 2178
1765	NOT	 1981
1766	NAND	 2179
1767	NOT	 1982
1768	NOT	 1983
1769	NOT	 4498
1770	NOT	 2764
1787	AND	 1986
1788	AND	 1986
1789	AND	 2768
1790	AND	 2768
1791	AND	 1987
1792	AND	 1987
1793	AND	 1988
1794	AND	 1988
1795	AND	 1989
1796	AND	 1989
1797	AND	 2769
1798	AND	 2769
1799	AND	 1990
1800	AND	 1990
1801	AND	 1991
1802	AND	 1991
1803	AND	 2206 2200
1806	AND	 2203 2197
1809	AND	 2194 2188
1812	AND	 2191 2185
1815	NAND	 2211 2209
1818	NAND	 2211 2210
1821	NAND	 2221 2212
1824	NAND	 2647 2645 2643 2641 2237 2236 2235 2234
1833	NAND	 2639 2637 2635 2633 2233 2232 2231 2230
1842	NOT	 3539
1843	NOT	 3541
1844	NOT	 3543
1845	NOT	 3545
1846	NOT	 3547
1847	NOT	 3549
1848	NOT	 3551
1849	NOT	 2022
1850	AND	 2023
1851	NOT	 2024
1852	AND	 2025
1853	NOT	 2026
1854	AND	 2027
1855	NOT	 2028
1856	AND	 2029
1857	NOT	 2030
1858	AND	 2031
1859	NOT	 2032
1860	AND	 2033
1861	NOT	 2034
1862	AND	 2035
1863	NOT	 2036
1864	AND	 2037
1869	AND	 2068
1870	BAD	 2652 2648
1873	NOT	 2417
1874	AND	 2073
1875	BAD	 3419 3415
1878	NOT	 2420
1879	AND	 2078
1880	BAD	 2666 2662
1883	NOT	 2425
1884	AND	 2083
1885	BAD	 2677 2673
1888	NOT	 2430
1889	AND	 2088
1890	BAD	 2688 2684
1893	NOT	 2435
1894	AND	 2093
1895	BAD	 3451 3447
1898	NOT	 2438
1899	AND	 2098
1900	BAD	 2706 2702
1903	NOT	 2443
1904	AND	 2103
1905	BAD	 2719 2715
1908	NOT	 2448
1909	AND	 3682 3172
1912	NAND	 3912
1913	AND	 3181 3178 3175
1917	NAND	 3916 3812 3809 2304
1922	AND	 3690 3187 3184
1926	NAND	 4091 3818 3815
1930	BUF	 2310 2307
1933	NAND	 2342 2141
1936	NAND	 2341 2142
1939	NOT	 2133
1940	NAND	 2325
1941	NOT	 2134
1942	NOT	 2135
1943	NOT	 2136
1944	NOT	 2137
1945	NOT	 2138
1946	NOT	 2139
1947	NOT	 5363
1960	NAND	 2146
1961	NAND	 2147
1966	AND	 3536
1981	NAND	 2178
1982	NAND	 2179
1983	AND	 2746 2745
1986	OR	 2270
1987	OR	 2277
1988	OR	 2282
1989	OR	 2287
1990	OR	 2294
1991	OR	 2299
2022	AND	 2238
2023	AND	 2238
2024	AND	 2239
2025	AND	 2239
2026	AND	 2240
2027	AND	 2240
2028	AND	 2241
2029	AND	 2241
2030	AND	 2242
2031	AND	 2242
2032	AND	 2243
2033	AND	 2243
2034	AND	 2244
2035	AND	 2244
2036	AND	 2245
2037	AND	 2245
2038	BUF	 2450 2445 2440 2437
2043	NOT	 2449 2448 2444 2443 2439 2438 2436 2435
2052	BUF	 2432 2427 2422 2419
2057	NOT	 2431 2430 2426 2425 2421 2420 2418 2417
2068	AND	 2652 2648
2073	AND	 3419 3415
2078	AND	 2666 2662
2083	AND	 2677 2673
2088	AND	 2688 2684
2093	AND	 3451 3447
2098	AND	 2706 2702
2103	AND	 2719 2715
2121	NOT	 4985
2122	NOT	 4831
2123	NOT	 4907
2124	NOT	 4794
2125	NOT	 4913
2126	NOT	 4838
2127	NOT	 4800
2128	NOT	 4647
2133	NAND	 2325
2134	NAND	 2328
2135	NAND	 2328
2136	NAND	 2331
2137	NAND	 2331
2138	NAND	 2334
2139	NAND	 2334
2141	NOT	 2341
2142	NOT	 2342
2143	NOT	 2980
2144	AND	 2347
2145	NOT	 3206
2146	NAND	 2348
2147	NAND	 2349
2148	AND	 2350
2149	NOT	 3388
2150	AND	 2351
2151	NOT	 3535
2152	NOT	 3632
2153	NOT	 2352
2154	AND	 2353
2155	NOT	 3633
2156	NOT	 2354
2157	AND	 2355
2158	BUF	 2744 2743 2742 2741 2740 2739 2738 2737 2736 2735 2734 2733 2732 2731 2730 2729
2175	BUF	 2482 2481
2178	NAND	 2374
2179	NAND	 2375
2180	NOT	 2376
2181	AND	 2379
2183	NOT	 2483
2184	AND	 4921
2185	NAND	 2560 2488
2188	NAND	 2569 2497
2191	NAND	 2578 2506
2194	NAND	 2587 2515
2197	NAND	 2596 2524
2200	NAND	 2605 2533
2203	NAND	 2614 2542
2206	NAND	 2623 2551
2209	NOT	 3537
2210	NOT	 3538
2211	AND	 2398
2212	BUF	 2639 2638 2637 2636 2635 2634 2633 2632
2221	BUF	 2647 2646 2645 2644 2643 2642 2641 2640
2230	NOT	 4189
2231	NOT	 4303
2232	NOT	 4191
2233	NOT	 4192
2234	NOT	 4193
2235	NOT	 4304
2236	NOT	 4195
2237	NOT	 4196
2238	OR	 2419
2239	OR	 2422
2240	OR	 2427
2241	OR	 2432
2242	OR	 2437
2243	OR	 2440
2244	OR	 2445
2245	OR	 2450
2270	AND	 2652 2648
2277	AND	 2666 2662
2282	AND	 2677 2673
2287	AND	 2688 2684
2294	AND	 2706 2702
2299	AND	 2719 2715
2304	BUF	 4056 2728
2307	AND	 5286 5277
2310	NAND	 5285 5278
2313	BUF	 2749 2467
2316	BUF	 2748 2468
2319	BUF	 2751 2469
2322	BUF	 2750 2470
2325	NAND	 2755 2474
2328	NAND	 2754 2475
2331	NAND	 2757 2476
2334	NAND	 2756 2477
2341	NAND	 2471
2342	NAND	 2471
2347	AND	 3206
2348	AND	 2478
2349	AND	 2483
2350	AND	 3534
2351	AND	 3535
2352	AND	 3711
2353	AND	 3711
2354	AND	 3712
2355	AND	 3712
2374	NOT	 2486
2375	NOT	 2487
2376	AND	 2746 2745
2379	AND	 2746 2745
2398	AND	 3634
2417	AND	 2656
2418	AND	 2656
2419	AND	 2656
2420	AND	 2659
2421	AND	 2659
2422	AND	 2659
2425	AND	 2670
2426	AND	 2670
2427	AND	 2670
2430	AND	 2681
2431	AND	 2681
2432	AND	 2681
2435	AND	 2692
2436	AND	 2692
2437	AND	 2692
2438	AND	 2697
2439	AND	 2697
2440	AND	 2697
2443	AND	 2710
2444	AND	 2710
2445	AND	 2710
2448	AND	 2723
2449	AND	 2723
2450	AND	 2723
2467	NOT	 2748
2468	NOT	 2749
2469	NOT	 2750
2470	NOT	 2751
2471	NAND	 2980 2970
2474	NOT	 2754
2475	NOT	 2755
2476	NOT	 2756
2477	NOT	 2757
2478	OR	 2764
2481	NOT	 2758
2482	AND	 2761
2483	AND	 4965 4964
2486	AND	 2768
2487	AND	 2769
2488	BUF	 3040 3032 3024 3016 3008 3000 2992 2984
2497	BUF	 3041 3033 3025 3017 3009 3001 2993 2985
2506	BUF	 3042 3034 3026 3018 3010 3002 2994 2986
2515	BUF	 3043 3035 3027 3019 3011 3003 2995 2987
2524	BUF	 3044 3036 3028 3020 3012 3004 2996 2988
2533	BUF	 3045 3037 3029 3021 3013 3005 2997 2989
2542	BUF	 3046 3038 3030 3022 3014 3006 2998 2990
2551	BUF	 3047 3039 3031 3023 3015 3007 2999 2991
2560	BUF	 3104 3096 3088 3080 3072 3064 3056 3048
2569	BUF	 3105 3097 3089 3081 3073 3065 3057 3049
2578	BUF	 3106 3098 3090 3082 3074 3066 3058 3050
2587	BUF	 3107 3099 3091 3083 3075 3067 3059 3051
2596	BUF	 3108 3100 3092 3084 3076 3068 3060 3052
2605	BUF	 3109 3101 3093 3085 3077 3069 3061 3053
2614	BUF	 3110 3102 3094 3086 3078 3070 3062 3054
2623	BUF	 3111 3103 3095 3087 3079 3071 3063 3055
2632	NOT	 3713
2633	AND	 2898
2634	NOT	 3714
2635	AND	 2899
2636	NOT	 3715
2637	AND	 2900
2638	NOT	 3716
2639	AND	 2901
2640	NOT	 3717
2641	AND	 3406
2642	NOT	 3718
2643	AND	 3642
2644	NOT	 3719
2645	AND	 3779
2646	NOT	 3720
2647	AND	 3780
2648	OR	 3410 3407 3172
2652	BAD	 3414 3413 3118
2656	OR	 3115 3112
2659	OR	 3125 3122
2662	OR	 3426 3423 3175
2666	BAD	 3430 3429 3134
2670	OR	 3131 3128
2673	OR	 3434 3431 3178
2677	BAD	 3438 3437 3141
2681	OR	 3138 3135
2684	OR	 3442 3439 3181
2688	BAD	 3446 3445 3148
2692	OR	 3194 3190 3145 3142
2697	OR	 3194 3191 3155 3152
2702	OR	 3458 3455 3184
2706	BAD	 3462 3461 3164
2710	OR	 3194 3192 3161 3158
2715	OR	 3466 3463 3187
2719	BAD	 3470 3469 3171
2723	OR	 3194 3193 3168 3165
2728	NOT	 3605
2729	NOT	 5030
2730	AND	 4335
2731	NOT	 5010
2732	AND	 4472
2733	NOT	 5013
2734	AND	 4338
2735	NOT	 4797
2736	AND	 4341
2737	NOT	 4954
2738	AND	 4344
2739	NOT	 4973
2740	AND	 4475
2741	NOT	 4957
2742	AND	 4347
2743	NOT	 4650
2744	AND	 4350
2745	OR	 3195
2746	BAD	 2962
2748	NAND	 2966
2749	NAND	 2966
2750	NAND	 2967
2751	NAND	 2967
2754	NAND	 2973
2755	NAND	 2973
2756	NAND	 2977
2757	NAND	 2977
2758	AND	 4588 4587
2761	AND	 4588 4587
2764	AND	 4965 4964
2768	OR	 3119
2769	OR	 3149
2898	AND	 4251
2899	AND	 4376
2900	AND	 4253
2901	AND	 4254
2962	NOT	 3195
2966	NAND	 3196
2967	NAND	 3478 3472
2970	BUF	 3481 3475
2973	NAND	 3487 3484 3389
2977	NAND	 3388 3384
2980	AND	 3206
2984	NOT	 3207
2985	NOT	 3208
2986	NOT	 3209
2987	NOT	 3210
2988	NOT	 3211
2989	NOT	 3212
2990	NOT	 3213
2991	NOT	 3214
2992	NOT	 3215
2993	NOT	 3216
2994	NOT	 3217
2995	NOT	 3218
2996	NOT	 3219
2997	NOT	 3220
2998	NOT	 3221
2999	NOT	 3222
3000	NOT	 3223
3001	NOT	 3224
3002	NOT	 3225
3003	NOT	 3226
3004	NOT	 3227
3005	NOT	 3228
3006	NOT	 3229
3007	NOT	 3230
3008	NOT	 3231
3009	NOT	 3232
3010	NOT	 3233
3011	NOT	 3234
3012	NOT	 3235
3013	NOT	 3236
3014	NOT	 3237
3015	NOT	 3238
3016	NOT	 3239
3017	NOT	 3240
3018	NOT	 3241
3019	NOT	 3242
3020	NOT	 3243
3021	NOT	 3244
3022	NOT	 3245
3023	NOT	 3246
3024	NOT	 3247
3025	NOT	 3248
3026	NOT	 3249
3027	NOT	 3250
3028	NOT	 3251
3029	NOT	 3252
3030	NOT	 3253
3031	NOT	 3254
3032	NOT	 3255
3033	NOT	 3256
3034	NOT	 3257
3035	NOT	 3258
3036	NOT	 3259
3037	NOT	 3260
3038	NOT	 3261
3039	NOT	 3262
3040	NOT	 3263
3041	NOT	 3264
3042	NOT	 3265
3043	NOT	 3266
3044	NOT	 3267
3045	NOT	 3268
3046	NOT	 3269
3047	NOT	 3270
3048	NOT	 3271
3049	NOT	 3272
3050	NOT	 3273
3051	NOT	 3274
3052	NOT	 3275
3053	NOT	 3276
3054	NOT	 3277
3055	NOT	 3278
3056	NOT	 3279
3057	NOT	 3280
3058	NOT	 3281
3059	NOT	 3282
3060	NOT	 3283
3061	NOT	 3284
3062	NOT	 3285
3063	NOT	 3286
3064	NOT	 3287
3065	NOT	 3288
3066	NOT	 3289
3067	NOT	 3290
3068	NOT	 3291
3069	NOT	 3292
3070	NOT	 3293
3071	NOT	 3294
3072	NOT	 3295
3073	NOT	 3296
3074	NOT	 3297
3075	NOT	 3298
3076	NOT	 3299
3077	NOT	 3300
3078	NOT	 3301
3079	NOT	 3302
3080	NOT	 3303
3081	NOT	 3304
3082	NOT	 3305
3083	NOT	 3306
3084	NOT	 3307
3085	NOT	 3308
3086	NOT	 3309
3087	NOT	 3310
3088	NOT	 3311
3089	NOT	 3312
3090	NOT	 3313
3091	NOT	 3314
3092	NOT	 3315
3093	NOT	 3316
3094	NOT	 3317
3095	NOT	 3318
3096	NOT	 3319
3097	NOT	 3320
3098	NOT	 3321
3099	NOT	 3322
3100	NOT	 3323
3101	NOT	 3324
3102	NOT	 3325
3103	NOT	 3326
3104	NOT	 3327
3105	NOT	 3328
3106	NOT	 3329
3107	NOT	 3330
3108	NOT	 3331
3109	NOT	 3332
3110	NOT	 3333
3111	NOT	 3334
3112	BUF	 3414 3407
3115	NOT	 3413 3410
3118	NOT	 3557
3119	AND	 3419 3415
3122	BUF	 3652 3645
3125	NOT	 3651 3648
3128	BUF	 3430 3423
3131	NOT	 3429 3426
3134	NOT	 3568
3135	BUF	 3438 3431
3138	NOT	 3437 3434
3141	NOT	 3573
3142	BUF	 3446 3439
3145	NOT	 3445 3442
3148	NOT	 3578
3149	AND	 3451 3447
3152	BUF	 3671 3664
3155	NOT	 3670 3667
3158	BUF	 3462 3455
3161	NOT	 3461 3458
3164	NOT	 3589
3165	BUF	 3470 3463
3168	NOT	 3469 3466
3171	NOT	 3594
3172	AND	 3493 3490
3175	AND	 3499 3496
3178	AND	 3505 3502
3181	AND	 3511 3508
3184	AND	 3517 3514
3187	AND	 3523 3520
3190	NOT	 3383
3191	NOT	 3383
3192	NOT	 3383
3193	NOT	 3383
3194	AND	 3471
3195	NAND	 5364
3196	NOT	 3387
3206	OR	 3406
3207	AND	 3390
3208	AND	 3390
3209	AND	 3390
3210	AND	 3390
3211	AND	 3390
3212	AND	 3390
3213	AND	 3390
3214	AND	 3390
3215	AND	 3391
3216	AND	 3391
3217	AND	 3391
3218	AND	 3391
3219	AND	 3391
3220	AND	 3391
3221	AND	 3391
3222	AND	 3391
3223	AND	 3392
3224	AND	 3392
3225	AND	 3392
3226	AND	 3392
3227	AND	 3392
3228	AND	 3392
3229	AND	 3392
3230	AND	 3392
3231	AND	 3393
3232	AND	 3393
3233	AND	 3393
3234	AND	 3393
3235	AND	 3393
3236	AND	 3393
3237	AND	 3393
3238	AND	 3393
3239	AND	 3394
3240	AND	 3394
3241	AND	 3394
3242	AND	 3394
3243	AND	 3394
3244	AND	 3394
3245	AND	 3394
3246	AND	 3394
3247	AND	 3395
3248	AND	 3395
3249	AND	 3395
3250	AND	 3395
3251	AND	 3395
3252	AND	 3395
3253	AND	 3395
3254	AND	 3395
3255	AND	 3396
3256	AND	 3396
3257	AND	 3396
3258	AND	 3396
3259	AND	 3396
3260	AND	 3396
3261	AND	 3396
3262	AND	 3396
3263	AND	 3397
3264	AND	 3397
3265	AND	 3397
3266	AND	 3397
3267	AND	 3397
3268	AND	 3397
3269	AND	 3397
3270	AND	 3397
3271	AND	 3398
3272	AND	 3398
3273	AND	 3398
3274	AND	 3398
3275	AND	 3398
3276	AND	 3398
3277	AND	 3398
3278	AND	 3398
3279	AND	 3399
3280	AND	 3399
3281	AND	 3399
3282	AND	 3399
3283	AND	 3399
3284	AND	 3399
3285	AND	 3399
3286	AND	 3399
3287	AND	 3400
3288	AND	 3400
3289	AND	 3400
3290	AND	 3400
3291	AND	 3400
3292	AND	 3400
3293	AND	 3400
3294	AND	 3400
3295	AND	 3401
3296	AND	 3401
3297	AND	 3401
3298	AND	 3401
3299	AND	 3401
3300	AND	 3401
3301	AND	 3401
3302	AND	 3401
3303	AND	 3402
3304	AND	 3402
3305	AND	 3402
3306	AND	 3402
3307	AND	 3402
3308	AND	 3402
3309	AND	 3402
3310	AND	 3402
3311	AND	 3403
3312	AND	 3403
3313	AND	 3403
3314	AND	 3403
3315	AND	 3403
3316	AND	 3403
3317	AND	 3403
3318	AND	 3403
3319	AND	 3404
3320	AND	 3404
3321	AND	 3404
3322	AND	 3404
3323	AND	 3404
3324	AND	 3404
3325	AND	 3404
3326	AND	 3404
3327	AND	 3405
3328	AND	 3405
3329	AND	 3405
3330	AND	 3405
3331	AND	 3405
3332	AND	 3405
3333	AND	 3405
3334	AND	 3405
3383	AND	 3471
3384	BUF	 3700 3697
3387	AND	 3534
3388	AND	 3535
3389	AND	 3536
3390	BAD	 3537
3391	BAD	 3539
3392	BAD	 3541
3393	BAD	 3543
3394	BAD	 3545
3395	BAD	 3547
3396	BAD	 3549
3397	BAD	 3551
3398	BAD	 3538
3399	BAD	 3540
3400	BAD	 3542
3401	BAD	 3544
3402	BAD	 3546
3403	BAD	 3548
3404	BAD	 3550
3405	BAD	 3552
3406	AND	 4255
3407	AND	 3644 3643
3410	AND	 3644 3643
3413	AND	 3557
3414	AND	 3557
3415	OR	 3682 3648 3645
3419	BAD	 3653 3652 3651
3423	AND	 3657 3654
3426	AND	 3657 3654
3429	AND	 3568
3430	AND	 3568
3431	AND	 3661 3658
3434	AND	 3661 3658
3437	AND	 3573
3438	AND	 3573
3439	AND	 3663 3662
3442	AND	 3663 3662
3445	AND	 3578
3446	AND	 3578
3447	OR	 3690 3667 3664
3451	BAD	 3672 3671 3670
3455	AND	 3676 3673
3458	AND	 3676 3673
3461	AND	 3589
3462	AND	 3589
3463	AND	 3680 3677
3466	AND	 3680 3677
3469	AND	 3594
3470	AND	 3594
3471	OR	 3605
3472	BUF	 3706 3630
3475	BUF	 3705 3631
3478	BUF	 3708 3626
3481	BUF	 3707 3627
3484	BUF	 3835 3629
3487	BUF	 3834 3628
3490	BUF	 4098 3703
3493	BUF	 4075 3681
3496	BUF	 4085 3685
3499	BUF	 4076 3686
3502	BUF	 4086 3687
3505	BUF	 4077 3688
3508	BUF	 4101 3704
3511	BUF	 4078 3689
3514	BUF	 4090 3696
3517	BUF	 4079 3693
3520	BUF	 4088 3694
3523	BUF	 4080 3695
3534	BAD	 3633
3535	OR	 3642
3536	BAD	 3632
3537	AND	 3634
3538	AND	 3634
3539	AND	 3635
3540	AND	 3635
3541	AND	 3636
3542	AND	 3636
3543	AND	 3637
3544	AND	 3637
3545	AND	 3638
3546	AND	 3638
3547	AND	 3639
3548	AND	 3639
3549	AND	 3640
3550	AND	 3640
3551	AND	 3641
3552	AND	 3641
3557	OR	 3721
3568	OR	 3734
3573	OR	 3740
3578	OR	 3743
3589	OR	 3756
3594	OR	 3762
3605	AND	 4094
3626	NOT	 3707
3627	NOT	 3708
3628	NOT	 3775
3629	NOT	 3777
3630	NOT	 3705
3631	NOT	 3706
3632	AND	 3711
3633	AND	 3712
3634	OR	 3713
3635	OR	 3714
3636	OR	 3715
3637	OR	 3716
3638	OR	 3717
3639	OR	 3718
3640	OR	 3719
3641	OR	 3720
3642	AND	 4377
3643	OR	 3765
3644	BAD	 3721
3645	AND	 3789 3786
3648	AND	 3789 3786
3651	AND	 3731
3652	AND	 3731
3653	NOT	 3731
3654	OR	 3930 3809
3657	BAD	 3734
3658	OR	 3931 3812
3661	BAD	 3740
3662	OR	 3766
3663	BAD	 3743
3664	AND	 3803 3800
3667	AND	 3803 3800
3670	AND	 3753
3671	AND	 3753
3672	NOT	 3753
3673	OR	 3935 3815
3676	BAD	 3756
3677	OR	 3936 3818
3680	BAD	 3762
3681	NOT	 4029
3682	AND	 3824 3821
3685	NOT	 4044
3686	NOT	 4030
3687	NOT	 4047
3688	NOT	 4031
3689	NOT	 4032
3690	AND	 3830 3827
3693	NOT	 4033
3694	NOT	 4052
3695	NOT	 4034
3696	NOT	 4055
3697	BUF	 3778 3777
3700	BUF	 3776 3775
3703	NOT	 4058
3704	NOT	 4066
3705	NAND	 3773
3706	NAND	 3773
3707	NAND	 3774
3708	NAND	 3774
3711	OR	 3780
3712	OR	 3779
3713	AND	 4251
3714	AND	 4376
3715	AND	 4253
3716	AND	 4254
3717	AND	 4255
3718	AND	 4377
3719	AND	 4257
3720	AND	 4258
3721	AND	 3931 3930 3926 3894 3850
3731	OR	 3838
3734	AND	 3931 3926 3855
3740	AND	 3926 3858
3743	AND	 3936 3935 3932 3895 3861
3753	OR	 3845
3756	AND	 3936 3932 3865
3762	AND	 3932 3868
3765	NOT	 3992
3766	NOT	 3996
3773	NAND	 3833
3774	NAND	 3833
3775	NAND	 3884
3776	NOT	 3834
3777	NAND	 3885
3778	NOT	 3835
3779	AND	 4257
3780	AND	 4258
3786	OR	 3912 3894
3789	BAD	 3838
3800	OR	 3916 3895
3803	BAD	 3845
3809	AND	 4446 3920
3812	AND	 4421 3913
3815	AND	 4327 4287
3818	AND	 3921 3917
3821	BUF	 4154 3898
3824	BUF	 4147 3899
3827	BUF	 4161 3911
3830	BUF	 4151 3906
3833	NAND	 5365
3834	NAND	 3884
3835	NAND	 3885
3838	AND	 3937 3931 3930 3926
3845	AND	 3940 3936 3935 3932
3850	BUF	 3953 3950
3855	BUF	 3959 3956
3858	BUF	 3965 3962
3861	BUF	 3971 3968
3865	BUF	 3977 3974
3868	BUF	 3983 3980
3884	NAND	 3924
3885	NAND	 3925
3894	NAND	 3992
3895	NAND	 3996
3898	NOT	 4114
3899	NOT	 4106
3906	NOT	 4110
3911	NOT	 4127
3912	AND	 3947
3913	BUF	 4447 4325
3916	AND	 3948
3917	BUF	 4328 4238
3920	NOT	 4416
3921	BUF	 4393 4013
3924	NOT	 3987
3925	NOT	 3987
3926	AND	 4073 4035 4028
3930	NAND	 3992
3931	NAND	 3992
3932	AND	 4056 4028
3935	NAND	 3996
3936	NAND	 3996
3937	BUF	 4062 4059
3940	BUF	 4070 4067
3947	NOT	 4503
3948	NOT	 4427
3950	BUF	 4058 4057
3953	BUF	 4042 4029
3956	BUF	 4044 4043
3959	BUF	 4045 4030
3962	BUF	 4047 4046
3965	BUF	 4048 4031
3968	BUF	 4066 4065
3971	BUF	 4049 4032
3974	BUF	 4055 4054
3977	BUF	 4050 4033
3980	BUF	 4052 4051
3983	BUF	 4053 4034
3987	NAND	 5366
3992	NAND	 4310 4074
3996	NAND	 4091 4073
4013	NOT	 4329
4028	AND	 5367
4029	NAND	 4105
4030	NAND	 4107
4031	NAND	 4108
4032	NAND	 4109
4033	NAND	 4111
4034	NAND	 4112
4035	BUF	 4284 4283
4042	NOT	 4075
4043	NOT	 4085
4044	NAND	 4116
4045	NOT	 4076
4046	NOT	 4086
4047	NAND	 4119
4048	NOT	 4077
4049	NOT	 4078
4050	NOT	 4079
4051	NOT	 4088
4052	NAND	 4123
4053	NOT	 4080
4054	NOT	 4090
4055	NAND	 4128
4056	AND	 4094
4057	NOT	 4098
4058	NAND	 4139
4059	BUF	 4114 4113
4062	BUF	 4115 4106
4065	NOT	 4101
4066	NAND	 4142
4067	BUF	 4127 4126
4070	BUF	 4122 4110
4073	NAND	 4104
4074	NOT	 4104
4075	NAND	 4105
4076	NAND	 4107
4077	NAND	 4108
4078	NAND	 4109
4079	NAND	 4111
4080	NAND	 4112
4085	NAND	 4116
4086	NAND	 4119
4088	NAND	 4123
4090	NAND	 4128
4091	AND	 4182 4167
4094	OR	 4331 4186 4174
4098	NAND	 4139
4101	NAND	 4142
4104	AND	 4145
4105	NAND	 4146
4106	NAND	 4190
4107	NAND	 4148
4108	NAND	 4149
4109	NAND	 4150
4110	NAND	 4194
4111	NAND	 4152
4112	NAND	 4153
4113	NOT	 4154
4114	NAND	 4197
4115	NOT	 4147
4116	NAND	 4203 4200
4119	NAND	 4213 4209
4122	NOT	 4151
4123	NAND	 4242 4223
4126	NOT	 4161
4127	NAND	 4218
4128	NAND	 4328 4319 4318 4247 4238
4139	NAND	 4705 4239
4142	NAND	 4555 4241
4145	NOT	 5368
4146	NOT	 4189
4147	NAND	 4190
4148	NOT	 4191
4149	NOT	 4192
4150	NOT	 4193
4151	NAND	 4194
4152	NOT	 4195
4153	NOT	 4196
4154	NAND	 4197
4161	NAND	 4218
4167	BUF	 4448 4326 4322 4296 4295 4283
4174	BUF	 4443 4317 4316 4284
4182	BUF	 4528 4299
4186	AND	 4675 4291
4189	AND	 4251
4190	NAND	 4252
4191	AND	 4253
4192	AND	 4254
4193	AND	 4255
4194	NAND	 4256
4195	AND	 4257
4196	AND	 4258
4197	NAND	 4353 4305
4200	BUF	 4448 4447
4203	BUF	 4443 4356 4326 4325 4316
4209	BUF	 4359 4322 4317
4213	BUF	 4448 4443 4326 4316
4218	NAND	 4362 4328 4327 4318
4223	BUF	 4371 4371 4319 4318
4238	AND	 4287
4239	NOT	 4670
4241	NOT	 4511
4242	AND	 4368 4365
4247	BUF	 4330 4329
4251	BAD	 4335
4252	NOT	 4303
4253	BAD	 4338
4254	BAD	 4341
4255	BAD	 4344
4256	NOT	 4304
4257	BAD	 4347
4258	BAD	 4350
4283	AND	 4310
4284	AND	 4608 4413
4287	OR	 4497 4430 4398
4291	NOT	 4636
4295	NOT	 4331
4296	BUF	 4468 4442
4299	NOT	 4487
4303	AND	 4376
4304	AND	 4377
4305	BUF	 4448 4447 4446 4443
4310	OR	 4563 4479 4465
4316	AND	 4435
4317	AND	 4387
4318	AND	 4390
4319	AND	 4545 4493
4322	AND	 4421
4325	NAND	 4416
4326	NAND	 4416
4327	NAND	 4427
4328	NAND	 4427
4329	NAND	 4458
4330	NOT	 4393
4331	AND	 4468 4442
4335	AND	 5085 5080
4338	AND	 5061 5058
4341	AND	 4880 4876
4344	AND	 4991 4988
4347	AND	 4999 4996
4350	AND	 4730 4727
4353	BUF	 4572 4484
4356	BUF	 4552 4452
4359	BUF	 4487 4486
4362	BUF	 4573 4491
4365	BUF	 4678 4461
4368	BUF	 4679 4462
4371	AND	 4464 4463
4376	BAD	 4472
4377	BAD	 4475
4387	AND	 4534 4531
4390	AND	 4540 4537
4393	NAND	 4458
4398	BUF	 4497 4496
4413	BUF	 4668 4506
4416	NAND	 4527 4526
4421	OR	 4509 4508
4427	NAND	 4511 4510
4430	BUF	 4530 4529
4435	AND	 4708 4507
4442	OR	 4498
4443	AND	 4569 4549
4446	NAND	 4503
4447	NAND	 4503
4448	NAND	 4503
4452	NOT	 4509
4458	NAND	 4584 4581
4461	NOT	 4641
4462	NOT	 4643
4463	NAND	 4559
4464	NOT	 4515
4465	BUF	 4563 4562
4468	BAD	 4808 4564
4472	AND	 5055 5050
4475	AND	 5021 5018
4479	BUF	 4733 4568
4484	NOT	 4527
4486	NOT	 4528
4487	NAND	 4576
4491	NOT	 4530
4493	AND	 4716 4558
4496	NOT	 4545
4497	AND	 4589
4498	AND	 4588 4587
4503	NAND	 4616 4613
4506	NOT	 4629
4507	NOT	 4674
4508	NOT	 4552
4509	NAND	 4593
4510	NOT	 4555
4511	NAND	 4599
4515	NAND	 4559
4526	NOT	 4572
4527	NAND	 4619
4528	NAND	 4576
4529	NOT	 4573
4530	NAND	 4623
4531	BUF	 4786 4596
4534	BUF	 4787 4597
4537	BUF	 4788 4602
4540	BUF	 4789 4603
4545	AND	 4589
4549	AND	 4659 4656
4552	NAND	 4593
4555	NAND	 4599
4558	NOT	 4677
4559	NAND	 4650 4647
4562	NOT	 4608
4563	AND	 4644
4564	BUF	 4901 4900 4664
4568	NOT	 4688
4569	BUF	 4630 4629
4572	NAND	 4619
4573	NAND	 4623
4576	NAND	 4636 4635
4581	BUF	 4641 4640
4584	BUF	 4643 4642
4587	OR	 4667
4588	BAD	 4628
4589	OR	 5369
4593	NAND	 4694 4691
4596	NOT	 4748
4597	NOT	 4750
4599	NAND	 4700 4697
4602	NOT	 4754
4603	NOT	 4756
4608	AND	 4644
4613	BUF	 4688 4687
4616	BUF	 4670 4669
4619	NAND	 4674 4673
4623	NAND	 4677 4676
4628	NOT	 4667
4629	NAND	 4704
4630	NOT	 4668
4635	NOT	 4675
4636	NAND	 4711
4640	NOT	 4678
4641	NAND	 4717
4642	NOT	 4679
4643	NAND	 4721
4644	BAD	 4916 4722
4647	AND	 4730 4727
4650	AND	 4730 4727
4656	BUF	 4924 4706
4659	BUF	 4925 4707
4664	BUF	 4873 4726
4667	AND	 5370
4668	NAND	 4704
4669	NOT	 4705
4670	NAND	 4740
4673	NOT	 4708
4674	NAND	 4743
4675	NAND	 4711
4676	NOT	 4716
4677	NAND	 4757
4678	NAND	 4717
4679	NAND	 4721
4687	NOT	 4733
4688	NAND	 4769
4691	BUF	 4748 4747
4694	BUF	 4750 4749
4697	BUF	 4754 4753
4700	BUF	 4756 4755
4704	NAND	 4772
4705	NAND	 4740
4706	NOT	 4897
4707	NOT	 4899
4708	NAND	 4743
4711	NAND	 4797 4794
4716	NAND	 4757
4717	NAND	 4901 4808 4800
4721	NAND	 4775
4722	BUF	 4982 4981 4805
4726	NOT	 4829
4727	OR	 4815 4812
4730	BAD	 5066 4778
4733	NAND	 4769
4740	NAND	 4847 4844
4743	NAND	 4982 4850 4831
4747	NOT	 4786
4748	NAND	 4818
4749	NOT	 4787
4750	NAND	 4822
4753	NOT	 4788
4754	NAND	 4823
4755	NOT	 4789
4756	NAND	 4826
4757	NAND	 4901 4854 4838
4769	NAND	 4860 4816
4772	AND	 4859 4817
4775	NOT	 4830 4829
4778	NOT	 4815
4786	NAND	 4818
4787	NAND	 4822
4788	NAND	 4823
4789	NAND	 4826
4794	AND	 4880 4876
4797	AND	 4880 4876
4800	AND	 4999 4996
4805	BUF	 4952 4870
4808	AND	 4930 4872
4812	BUF	 5108 4885
4815	AND	 5371
4816	NOT	 4859
4817	NOT	 4860
4818	NAND	 4982 4916 4907
4822	NAND	 4889
4823	NAND	 4913 4901
4826	NAND	 4868
4829	NAND	 4906
4830	NOT	 4873
4831	AND	 5055 5050
4838	AND	 5021 5018
4844	BUF	 4897 4896
4847	BUF	 4899 4898
4850	BUF	 4969 4902
4854	BUF	 4905 4904
4859	NAND	 4895
4860	NAND	 4895
4868	NOT	 4900
4870	NOT	 4928
4872	NOT	 4905
4873	NAND	 4906
4876	OR	 4944 4940 4937
4880	BAD	 5133 4920
4885	NOT	 5094
4889	NOT	 4929 4928
4895	NAND	 4921
4896	NOT	 4924
4897	NAND	 4946
4898	NOT	 4925
4899	NAND	 4949
4900	BAD	 4926
4901	AND	 4926
4902	NOT	 4950
4904	NOT	 4930
4905	NAND	 4953
4906	NAND	 4931
4907	AND	 5061 5058
4913	AND	 4991 4988
4916	AND	 4951 4950
4920	NOT	 4944
4921	AND	 4965 4964
4924	NAND	 4946
4925	NAND	 4949
4926	OR	 4954
4928	NAND	 4970
4929	NOT	 4952
4930	NAND	 4953
4931	NOT	 4957
4937	BUF	 5220 4978
4940	BUF	 5221 4979
4944	AND	 5372
4946	NAND	 4985 4982
4949	NAND	 4968
4950	NAND	 4983
4951	NOT	 4969
4952	NAND	 4970
4953	NAND	 4973
4954	AND	 4991 4988
4957	AND	 4999 4996
4964	OR	 5002
4965	BAD	 4980
4968	NOT	 4981
4969	NAND	 4983
4970	NAND	 4984
4973	AND	 5021 5018
4978	NOT	 5196
4979	NOT	 5198
4980	NOT	 5002
4981	BAD	 5007
4982	AND	 5007
4983	NAND	 5010
4984	NOT	 5013
4985	AND	 5085 5080
4988	OR	 5045 5042
4991	BAD	 5066 5026
4996	OR	 5047 5039
4999	BAD	 5066 5029
5002	AND	 5373
5007	OR	 5030
5010	AND	 5055 5050
5013	AND	 5061 5058
5018	OR	 5078 5070
5021	BAD	 5066 5046
5026	NOT	 5045
5029	NOT	 5047
5030	AND	 5085 5080
5039	BUF	 5095 5094
5042	BUF	 5125 5097
5045	AND	 5374
5046	NOT	 5078
5047	AND	 5375
5050	OR	 5117 5114 5102 5102
5055	BAD	 5136 5133
5058	OR	 5121 5111
5061	BAD	 5133 5103
5066	AND	 5173 5166
5070	BUF	 5110 5109
5078	AND	 5376
5080	OR	 5139 5128 5120 5120
5085	BAD	 5136 5133
5094	NAND	 5122
5095	NOT	 5108
5097	NOT	 5110
5102	AND	 5377
5103	NOT	 5121
5108	NAND	 5122
5109	NOT	 5125
5110	NAND	 5145
5111	BUF	 5154 5151
5114	AND	 5163 5160
5117	BUF	 5212 5159
5120	AND	 5378
5121	AND	 5379
5122	NAND	 5177 5174
5125	NAND	 5145
5128	AND	 5188 5184
5133	AND	 5173 5166
5136	AND	 5193
5139	BUF	 5183 5182
5145	NAND	 5209 5205
5151	BUF	 5197 5196
5154	BUF	 5199 5198
5159	NOT	 5183
5160	BUF	 5242 5201
5163	BUF	 5243 5203
5166	AND	 5192
5173	AND	 5193
5174	BUF	 5245 5217
5177	BUF	 5246 5219
5182	NOT	 5212
5183	NAND	 5228
5184	BUF	 5223 5222
5188	BUF	 5225 5224
5192	NOT	 5380
5193	BAD	 5215
5196	NAND	 5236
5197	NOT	 5220
5198	NAND	 5240
5199	NOT	 5221
5201	NOT	 5223
5203	NOT	 5224
5205	BUF	 5233 5232
5209	BUF	 5235 5234
5212	NAND	 5228
5215	AND	 5231
5217	NOT	 5232
5219	NOT	 5234
5220	NAND	 5236
5221	NAND	 5240
5222	NOT	 5242
5223	NAND	 5254
5224	NAND	 5257
5225	NOT	 5243
5228	NAND	 5295 5253
5231	NOT	 5381
5232	NAND	 5258
5233	NOT	 5245
5234	NAND	 5261
5235	NOT	 5246
5236	NAND	 5285 5277 5269
5240	NAND	 5250
5242	NAND	 5254
5243	NAND	 5257
5245	NAND	 5258
5246	NAND	 5261
5250	NOT	 5286 5278
5253	NOT	 5284
5254	NAND	 5278 5277
5257	NAND	 5266
5258	NAND	 5292 5289
5261	NAND	 5279
5266	NOT	 5286 5285
5269	BUF	 5284 5283
5277	AND	 5298
5278	AND	 5298
5279	NOT	 5306 5303
5283	NOT	 5295
5284	NAND	 5309
5285	AND	 5298
5286	AND	 5298
5289	BUF	 5354 5313
5292	BUF	 5355 5312
5295	NAND	 5309
5298	OR	 5327 5324
5303	BUF	 5350 5323
5306	BUF	 5351 5322
5309	NAND	 5335 5332
5312	NOT	 5349
5313	NOT	 5348
5322	NOT	 5341
5323	NOT	 5340
5324	BUF	 5345 5340
5327	BUF	 5344 5341
5332	BUF	 5353 5348
5335	BUF	 5352 5349
5340	NAND	 5356
5341	NAND	 5357
5344	NOT	 5351
5345	NOT	 5350
5348	NAND	 5358
5349	NAND	 5359
5350	NAND	 5356
5351	NAND	 5357
5352	NOT	 5355
5353	NOT	 5354
5354	NAND	 5358
5355	NAND	 5359
5356	NAND	 5360
5357	NAND	 5360
5358	NAND	 5361
5359	NAND	 5361
5360	AND	 5382
5361	NAND	 5383
5362	PO	
5363	PO	
5364	PO	
5365	PO	
5366	PO	
5367	PO	
5368	PO	
5369	PO	
5370	PO	
5371	PO	
5372	PO	
5373	PO	
5374	PO	
5375	PO	
5376	PO	
5377	PO	
5378	PO	
5379	PO	
5380	PO	
5381	PO	
5382	PO	
5383	PO	

Gate1	Gate2	Fault
1	0	0
1	0	1
913	1	1
914	1	1
1197	1	0
1219	1	0
1409	1	0
1667	1	1
1670	1	1
13	0	0
13	0	1
793	13	1
913	13	1
1667	13	1
1670	13	1
20	0	0
20	0	1
793	20	1
890	20	1
891	20	1
892	20	1
914	20	1
1117	20	0
33	0	0
33	0	1
829	33	1
896	33	0
914	33	1
41	0	0
41	0	1
829	41	1
835	41	0
45	0	0
45	0	1
835	45	0
1337	45	1
50	0	0
50	0	1
1792	50	1
1870	50	0
2068	50	1
58	0	0
58	0	1
1875	58	0
2073	58	1
2148	58	1
68	0	0
68	0	1
1880	68	0
2078	68	1
77	0	0
77	0	1
1589	77	1
1791	77	1
1798	77	1
1885	77	0
2022	77	1
2083	77	1
87	0	0
87	0	1
1714	87	1
1735	87	1
1890	87	0
2024	87	1
2088	87	1
97	0	0
97	0	1
1895	97	0
2026	97	1
2093	97	1
107	0	0
107	0	1
1797	107	1
1900	107	0
2028	107	1
2098	107	1
116	0	0
116	0	1
1600	116	1
1799	116	1
1905	116	0
2030	116	1
2103	116	1
124	0	1
125	0	0
125	0	1
3214	125	1
3215	125	1
128	0	0
128	0	1
3213	128	1
3222	128	1
3223	128	1
132	0	0
132	0	1
3212	132	1
3221	132	1
3230	132	1
3231	132	1
137	0	0
137	0	1
3211	137	1
3220	137	1
3229	137	1
3238	137	1
3239	137	1
143	0	0
143	0	1
3210	143	1
3219	143	1
3228	143	1
3237	143	1
3246	143	1
3247	143	1
150	0	0
150	0	1
1788	150	1
3209	150	1
3218	150	1
3227	150	1
3236	150	1
3245	150	1
3254	150	1
3255	150	1
159	0	0
159	0	1
1790	159	1
3208	159	1
3217	159	1
3226	159	1
3235	159	1
3244	159	1
3253	159	1
3262	159	1
3263	159	1
169	0	0
169	0	1
1179	169	0
3407	169	1
3423	169	1
3431	169	1
3439	169	1
3455	169	1
3463	169	1
3645	169	1
3664	169	1
179	0	0
179	0	1
892	179	1
3410	179	1
3426	179	1
3434	179	1
3442	179	1
3458	179	1
3466	179	1
3648	179	1
3667	179	1
190	0	0
190	0	1
3413	190	1
3429	190	1
3437	190	1
3445	190	1
3461	190	1
3469	190	1
3651	190	1
3670	190	1
200	0	0
200	0	1
890	200	1
891	200	1
1803	200	1
3414	200	1
3430	200	1
3438	200	1
3446	200	1
3462	200	1
3470	200	1
3652	200	1
3671	200	1
213	0	0
213	0	1
1909	213	1
1912	213	1
1913	213	1
1917	213	1
1922	213	1
1926	213	1
5215	213	1
222	0	1
223	0	0
223	0	1
1644	223	1
2023	223	1
226	0	0
226	0	1
1251	226	1
1645	226	1
2025	226	1
2417	226	1
232	0	0
232	0	1
1252	232	1
1646	232	1
2027	232	1
2420	232	1
238	0	0
238	0	1
1253	238	1
1647	238	1
2029	238	1
2425	238	1
244	0	0
244	0	1
1254	244	1
1648	244	1
2031	244	1
2430	244	1
250	0	0
250	0	1
1067	250	1
1255	250	1
1649	250	1
2033	250	1
2435	250	1
257	0	0
257	0	1
768	257	0
1256	257	1
1650	257	1
2035	257	1
2438	257	1
264	0	0
264	0	1
768	264	0
1257	264	1
2037	264	1
2443	264	1
270	0	0
270	0	1
1258	270	1
2448	270	1
274	0	0
274	0	1
2418	274	1
2421	274	1
2426	274	1
2431	274	1
2436	274	1
2439	274	1
2444	274	1
2449	274	1
283	0	0
283	0	1
1801	283	1
2032	283	1
3271	283	1
3286	283	1
3293	283	1
3300	283	1
3307	283	1
3314	283	1
3321	283	1
3328	283	1
294	0	0
294	0	1
2034	294	1
3279	294	1
3294	294	1
3301	294	1
3308	294	1
3315	294	1
3322	294	1
3329	294	1
303	0	0
303	0	1
2036	303	1
3287	303	1
3302	303	1
3309	303	1
3316	303	1
3323	303	1
3330	303	1
311	0	0
311	0	1
3295	311	1
3310	311	1
3317	311	1
3324	311	1
3331	311	1
317	0	0
317	0	1
3303	317	1
3318	317	1
3325	317	1
3332	317	1
322	0	0
322	0	1
3311	322	1
3326	322	1
3333	322	1
326	0	0
326	0	1
3319	326	1
3334	326	1
329	0	1
330	0	0
330	0	1
4186	330	1
4242	330	1
4331	330	1
4387	330	1
4390	330	1
4435	330	1
4493	330	1
4545	330	1
4549	330	1
4608	330	1
4772	330	1
343	0	0
343	0	1
1913	343	1
1917	343	1
1922	343	1
1926	343	1
349	0	0
350	0	0
350	0	1
2307	350	1
2310	350	1
655	0	0
655	0	1
1251	655	1
1520	655	1
3216	655	1
3225	655	1
3234	655	1
3243	655	1
3252	655	1
3261	655	1
3270	655	1
665	0	0
665	0	1
2148	665	1
2398	665	1
2898	665	1
670	0	0
670	0	1
1252	670	1
3224	670	1
3233	670	1
3242	670	1
3251	670	1
3260	670	1
3269	670	1
3272	670	1
679	0	0
679	0	1
1263	679	1
2899	679	1
683	0	0
683	0	1
1267	683	1
1729	683	1
686	0	0
686	0	1
1263	686	1
2900	686	1
690	0	0
690	0	1
1253	690	1
3232	690	1
3241	690	1
3250	690	1
3259	690	1
3268	690	1
3273	690	1
3280	690	1
699	0	0
699	0	1
1267	699	1
2348	699	1
702	0	0
702	0	1
1505	702	1
2901	702	1
706	0	0
706	0	1
1254	706	1
3240	706	1
3249	706	1
3258	706	1
3267	706	1
3274	706	1
3281	706	1
3288	706	1
715	0	0
715	0	1
1255	715	1
3248	715	1
3257	715	1
3266	715	1
3275	715	1
3282	715	1
3289	715	1
3296	715	1
724	0	0
724	0	1
2347	724	1
727	0	0
727	0	1
1256	727	1
3256	727	1
3265	727	1
3276	727	1
3283	727	1
3290	727	1
3297	727	1
3304	727	1
736	0	0
736	0	1
1264	736	1
2351	736	1
740	0	0
740	0	1
1257	740	1
3264	740	1
3277	740	1
3284	740	1
3291	740	1
3298	740	1
3305	740	1
3312	740	1
749	0	0
749	0	1
1264	749	1
2355	749	1
753	0	0
753	0	1
1258	753	1
2349	753	1
3278	753	1
3285	753	1
3292	753	1
3299	753	1
3306	753	1
3313	753	1
3320	753	1
763	0	0
763	0	1
1722	763	1
1725	763	1
2353	763	1
768	0	1
769	0	0
769	0	1
1322	769	1
1452	769	1
772	0	0
772	0	1
1325	772	1
1328	772	1
1331	772	1
1756	772	1
1761	772	1
1821	772	1
779	0	0
779	0	1
1306	779	1
1315	779	1
782	0	0
782	0	1
1337	782	1
1452	782	1
786	0	0
786	0	1
1325	786	1
1328	786	1
1331	786	1
1761	786	1
1824	786	1
1833	786	1
794	0	0
794	0	1
1337	794	1
1452	794	1
1824	794	1
798	0	0
798	0	1
1325	798	1
1328	798	1
1756	798	1
1761	798	1
803	0	0
803	0	1
1580	803	1
1583	803	1
1585	803	1
1588	803	1
1591	803	1
1594	803	1
1596	803	1
1599	803	1
820	0	0
821	0	0
821	0	1
1738	821	1
1818	821	1
825	0	0
825	0	1
1747	825	1
829	0	0
829	0	1
832	0	0
832	0	1
1315	832	1
835	0	1
836	0	0
836	0	1
1315	836	1
1322	836	1
839	0	0
839	0	1
842	0	0
842	0	1
1250	842	1
1338	842	1
845	0	0
845	0	1
1787	845	1
1794	845	1
848	0	0
848	0	1
1250	848	1
1338	848	1
851	0	0
851	0	1
1789	851	1
1796	851	1
854	0	0
854	0	1
1250	854	1
1338	854	1
1586	854	1
858	0	0
858	0	1
1793	858	1
1800	858	1
861	0	0
861	0	1
1340	861	1
1343	861	1
864	0	0
864	0	1
1795	864	1
1802	864	1
867	0	0
867	0	1
1340	867	1
1343	867	1
870	0	0
870	0	1
1340	870	1
1343	870	1
1597	870	1
874	0	0
874	0	1
1562	874	1
877	0	0
877	0	1
880	0	0
880	0	1
883	0	0
883	0	1
1353	883	0
1358	883	0
886	0	0
886	0	1
1353	886	0
1358	886	0
889	0	1
890	0	1
891	0	1
892	0	0
892	0	1
895	0	0
896	0	0
896	0	1
1850	896	1
1852	896	1
1854	896	1
1856	896	1
1858	896	1
1860	896	1
1862	896	1
1864	896	1
913	0	1
914	0	1
915	0	0
916	0	0
917	0	0
917	0	1
3383	917	1
920	0	0
920	0	1
1461	920	0
1464	920	0
923	0	0
923	0	1
1461	923	0
1464	923	0
926	0	0
926	0	1
1510	926	1
929	0	0
929	0	1
1509	929	1
932	0	0
932	0	1
1512	932	1
935	0	0
935	0	1
1511	935	1
938	0	0
938	0	1
1692	938	1
941	0	0
941	0	1
1691	941	1
944	0	0
944	0	1
1694	944	1
947	0	0
947	0	1
1693	947	1
950	0	0
950	0	1
2133	950	1
953	0	0
953	0	1
1960	953	1
956	0	0
956	0	1
1981	956	1
959	0	0
959	0	1
1961	959	1
962	0	0
962	0	1
1982	962	1
965	0	0
965	0	1
4515	965	1
1067	0	1
1117	0	0
1117	0	1
1580	1117	1
1583	1117	1
1585	1117	1
1588	1117	1
1591	1117	1
1594	1117	1
1596	1117	1
1599	1117	1
1179	0	1
1196	0	0
1197	0	0
1197	0	1
2068	1197	1
2073	1197	1
2078	1197	1
2083	1197	1
1202	0	0
1202	0	1
1869	1202	1
1874	1202	1
1879	1202	1
1884	1202	1
1889	1202	1
1894	1202	1
1899	1202	1
1904	1202	1
1219	0	0
1219	0	1
2088	1219	1
2093	1219	1
2098	1219	1
2103	1219	1
1250	0	1
1251	0	1
1252	0	1
1253	0	1
1254	0	1
1255	0	1
1256	0	1
1257	0	1
1258	0	1
1259	0	1
1260	0	1
1261	0	1
1262	0	1
1263	0	1
1264	0	0
1264	0	1
1714	1264	1
1735	1264	1
1267	0	1
1268	0	0
1268	0	1
1729	1268	1
1271	0	1
1272	0	1
1273	0	0
1273	0	1
2350	1273	1
1276	0	0
1276	0	1
1966	1276	1
1279	0	0
1279	0	1
1756	1279	1
1821	1279	1
1298	0	0
1298	0	1
1815	1298	1
1824	1298	1
1833	1298	1
1302	0	0
1302	0	1
1761	1302	1
1815	1302	1
1818	1302	1
1306	0	0
1306	0	1
2418	1306	1
2421	1306	1
2426	1306	1
2431	1306	1
1315	0	0
1315	0	1
2439	1315	1
2444	1315	1
2449	1315	1
1322	0	0
1322	0	1
2436	1322	1
1325	0	0
1325	0	1
1738	1325	1
1747	1325	1
1328	0	0
1328	0	1
2181	1328	1
1331	0	0
1331	0	1
2184	1331	1
1334	0	0
1334	0	1
2482	1334	1
1337	0	1
1338	0	1
1339	0	1
1340	0	0
1340	0	1
1722	1340	1
1725	1340	1
1343	0	1
1344	0	1
1345	0	1
1346	0	1
1347	0	1
1348	0	1
1349	0	1
1350	0	1
1351	0	1
1352	0	1
1353	0	0
1353	0	1
2191	1353	1
2194	1353	1
2203	1353	1
2206	1353	1
1358	0	0
1358	0	1
2185	1358	1
2188	1358	1
2197	1358	1
2200	1358	1
1363	0	0
1363	0	1
1803	1363	1
1806	1363	1
1366	0	0
1366	0	1
1809	1366	1
1812	1366	1
1369	0	0
1369	0	1
3540	1369	1
3542	1369	1
3544	1369	1
3546	1369	1
3548	1369	1
3550	1369	1
3552	1369	1
1384	0	0
1384	0	1
1850	1384	1
1852	1384	1
1854	1384	1
1856	1384	1
1858	1384	1
1860	1384	1
1862	1384	1
1864	1384	1
1401	0	1
1402	0	1
1403	0	1
1404	0	1
1405	0	1
1406	0	1
1407	0	1
1408	0	1
1409	0	0
1409	0	1
1869	1409	1
1870	1409	0
1874	1409	1
1875	1409	0
1879	1409	1
1880	1409	0
1884	1409	1
1885	1409	0
1889	1409	1
1890	1409	0
1894	1409	1
1895	1409	0
1899	1409	1
1900	1409	0
1904	1409	1
1905	1409	0
1426	0	1
1427	0	1
1452	0	0
1452	0	1
1909	1452	1
1912	1452	1
1913	1452	1
1917	1452	1
1922	1452	1
1926	1452	1
1459	0	1
1460	0	1
1461	0	0
1461	0	1
5114	1461	1
5128	1461	1
1464	0	0
1464	0	1
5136	1464	1
1467	0	1
1468	0	1
1469	0	1
1470	0	1
1471	0	0
1471	0	1
1940	1471	1
1474	0	1
1475	0	0
1475	0	1
2135	1475	1
1478	0	0
1478	0	1
2134	1478	1
1481	0	0
1481	0	1
2137	1481	1
1484	0	0
1484	0	1
2136	1484	1
1487	0	0
1487	0	1
2139	1487	1
1490	0	0
1490	0	1
2138	1490	1
1493	0	0
1493	0	1
1727	1493	1
1496	0	0
1496	0	1
1764	1496	1
1499	0	0
1499	0	1
1730	1499	1
1502	0	0
1502	0	1
1766	1502	1
1507	0	1
1508	0	1
1509	0	1
1510	0	1
1511	0	1
1512	0	1
1520	0	0
1520	0	1
1966	1520	1
2376	1520	1
2758	1520	1
1562	0	0
1562	0	1
2730	1562	1
2732	1562	1
2734	1562	1
2736	1562	1
2738	1562	1
2740	1562	1
2742	1562	1
2744	1562	1
1579	0	1
1580	0	1
1581	0	0
1582	0	1
1583	0	1
1584	0	1
1585	0	1
1586	0	0
1587	0	1
1588	0	1
1589	0	0
1590	0	1
1591	0	1
1592	0	0
1593	0	1
1594	0	1
1595	0	1
1596	0	1
1597	0	0
1598	0	1
1599	0	1
1600	0	0
1643	0	0
1644	0	0
1645	0	0
1646	0	0
1647	0	0
1648	0	0
1649	0	0
1650	0	0
1667	0	0
1667	0	1
1670	0	0
1670	0	1
1673	0	1
1674	0	1
1675	0	1
1676	0	1
1677	0	1
1678	0	1
1679	0	1
1680	0	1
1691	0	1
1692	0	1
1693	0	1
1694	0	1
1713	0	0
1713	0	1
1715	0	0
1715	0	1
1718	0	0
1718	0	1
1721	0	1
1722	0	0
1722	0	1
2148	1722	1
2761	1722	1
1725	0	1
1726	0	1
1727	0	1
1728	0	1
1729	0	0
1730	0	1
1731	0	1
1735	0	1
1736	0	1
1737	0	1
1738	0	0
1738	0	1
2144	1738	1
2150	1738	1
2154	1738	1
2157	1738	1
1747	0	0
1747	0	1
2144	1747	1
2150	1747	1
2154	1747	1
2157	1747	1
1756	0	0
1756	0	1
2181	1756	1
2184	1756	1
1761	0	0
1761	0	1
1764	0	1
1765	0	1
1766	0	1
1767	0	1
1768	0	1
1769	0	1
1770	0	1
1787	0	0
1788	0	0
1789	0	0
1790	0	0
1791	0	0
1792	0	0
1793	0	0
1794	0	0
1795	0	0
1796	0	0
1797	0	0
1798	0	0
1799	0	0
1800	0	0
1801	0	0
1802	0	0
1803	0	0
1803	0	1
2200	1803	1
2206	1803	1
1806	0	0
1806	0	1
2197	1806	1
2203	1806	1
1809	0	0
1809	0	1
2188	1809	1
2194	1809	1
1812	0	0
1812	0	1
2185	1812	1
2191	1812	1
1815	0	0
1815	0	1
2211	1815	1
1818	0	0
1818	0	1
2211	1818	1
1821	0	0
1821	0	1
1824	0	0
1824	0	1
2641	1824	1
2643	1824	1
2645	1824	1
2647	1824	1
1833	0	0
1833	0	1
2633	1833	1
2635	1833	1
2637	1833	1
2639	1833	1
1842	0	1
1843	0	1
1844	0	1
1845	0	1
1846	0	1
1847	0	1
1848	0	1
1849	0	1
1850	0	1
1851	0	1
1852	0	1
1853	0	1
1854	0	1
1855	0	1
1856	0	1
1857	0	1
1858	0	1
1859	0	1
1860	0	1
1861	0	1
1862	0	1
1863	0	1
1864	0	1
1869	0	1
1870	0	0
1870	0	1
2648	1870	0
2652	1870	0
1873	0	1
1874	0	1
1875	0	0
1875	0	1
3415	1875	0
3419	1875	0
1878	0	1
1879	0	1
1880	0	0
1880	0	1
2662	1880	0
2666	1880	0
1883	0	1
1884	0	1
1885	0	0
1885	0	1
2673	1885	0
2677	1885	0
1888	0	1
1889	0	1
1890	0	0
1890	0	1
2684	1890	0
2688	1890	0
1893	0	1
1894	0	1
1895	0	0
1895	0	1
3447	1895	0
3451	1895	0
1898	0	1
1899	0	1
1900	0	0
1900	0	1
2702	1900	0
2706	1900	0
1903	0	1
1904	0	1
1905	0	0
1905	0	1
2715	1905	0
2719	1905	0
1908	0	1
1909	0	0
1909	0	1
3172	1909	1
3682	1909	1
1912	0	1
1913	0	0
1913	0	1
3175	1913	1
3178	1913	1
3181	1913	1
1917	0	0
1917	0	1
3809	1917	1
3812	1917	1
3916	1917	1
1922	0	0
1922	0	1
3184	1922	1
3187	1922	1
3690	1922	1
1926	0	0
1926	0	1
3815	1926	1
3818	1926	1
4091	1926	1
1930	0	0
1930	0	1
2307	1930	1
2310	1930	1
1933	0	0
1933	0	1
2342	1933	1
1936	0	0
1936	0	1
2341	1936	1
1939	0	1
1940	0	1
1941	0	1
1942	0	1
1943	0	1
1944	0	1
1945	0	1
1946	0	1
1947	0	0
1947	0	1
1960	0	1
1961	0	1
1966	0	0
1981	0	1
1982	0	1
1983	0	0
1983	0	1
2745	1983	0
2746	1983	0
1986	0	1
1987	0	1
1988	0	1
1989	0	1
1990	0	1
1991	0	1
2022	0	0
2023	0	0
2024	0	0
2025	0	0
2026	0	0
2027	0	0
2028	0	0
2029	0	0
2030	0	0
2031	0	0
2032	0	0
2033	0	0
2034	0	0
2035	0	0
2036	0	0
2037	0	0
2038	0	0
2038	0	1
2437	2038	1
2440	2038	1
2445	2038	1
2450	2038	1
2043	0	0
2043	0	1
2435	2043	1
2436	2043	1
2438	2043	1
2439	2043	1
2443	2043	1
2444	2043	1
2448	2043	1
2449	2043	1
2052	0	0
2052	0	1
2419	2052	1
2422	2052	1
2427	2052	1
2432	2052	1
2057	0	0
2057	0	1
2417	2057	1
2418	2057	1
2420	2057	1
2421	2057	1
2425	2057	1
2426	2057	1
2430	2057	1
2431	2057	1
2068	0	0
2068	0	1
2648	2068	0
2652	2068	0
2073	0	0
2073	0	1
3415	2073	0
3419	2073	0
2078	0	0
2078	0	1
2662	2078	0
2666	2078	0
2083	0	0
2083	0	1
2673	2083	0
2677	2083	0
2088	0	0
2088	0	1
2684	2088	0
2688	2088	0
2093	0	0
2093	0	1
3447	2093	0
3451	2093	0
2098	0	0
2098	0	1
2702	2098	0
2706	2098	0
2103	0	0
2103	0	1
2715	2103	0
2719	2103	0
2121	0	1
2122	0	1
2123	0	1
2124	0	1
2125	0	1
2126	0	1
2127	0	1
2128	0	1
2133	0	1
2134	0	1
2135	0	1
2136	0	1
2137	0	1
2138	0	1
2139	0	1
2141	0	1
2142	0	1
2143	0	1
2144	0	1
2145	0	0
2146	0	1
2147	0	1
2148	0	1
2149	0	1
2150	0	1
2151	0	0
2152	0	1
2153	0	1
2154	0	1
2155	0	1
2156	0	1
2157	0	1
2158	0	0
2158	0	1
2730	2158	1
2732	2158	1
2734	2158	1
2736	2158	1
2738	2158	1
2740	2158	1
2742	2158	1
2744	2158	1
2175	0	0
2175	0	1
2482	2175	1
2180	0	1
2181	0	1
2183	0	1
2184	0	1
2185	0	0
2185	0	1
2188	0	0
2188	0	1
2191	0	0
2191	0	1
2194	0	0
2194	0	1
2197	0	0
2197	0	1
2200	0	0
2200	0	1
2203	0	0
2203	0	1
2206	0	0
2206	0	1
2209	0	1
2210	0	1
2211	0	1
2212	0	0
2212	0	1
2633	2212	1
2635	2212	1
2637	2212	1
2639	2212	1
2221	0	0
2221	0	1
2641	2221	1
2643	2221	1
2645	2221	1
2647	2221	1
2230	0	1
2231	0	1
2232	0	1
2233	0	1
2234	0	1
2235	0	1
2236	0	1
2237	0	1
2238	0	1
2239	0	1
2240	0	1
2241	0	1
2242	0	1
2243	0	1
2244	0	1
2245	0	1
2270	0	0
2270	0	1
2648	2270	0
2652	2270	0
2277	0	0
2277	0	1
2662	2277	0
2666	2277	0
2282	0	0
2282	0	1
2673	2282	0
2677	2282	0
2287	0	0
2287	0	1
2684	2287	0
2688	2287	0
2294	0	0
2294	0	1
2702	2294	0
2706	2294	0
2299	0	0
2299	0	1
2715	2299	0
2719	2299	0
2304	0	0
2304	0	1
4056	2304	1
2307	0	0
2307	0	1
5277	2307	1
5286	2307	1
2310	0	0
2310	0	1
5278	2310	1
5285	2310	1
2313	0	0
2313	0	1
2749	2313	1
2316	0	0
2316	0	1
2748	2316	1
2319	0	0
2319	0	1
2751	2319	1
2322	0	0
2322	0	1
2750	2322	1
2325	0	0
2325	0	1
2755	2325	1
2328	0	0
2328	0	1
2754	2328	1
2331	0	0
2331	0	1
2757	2331	1
2334	0	0
2334	0	1
2756	2334	1
2341	0	1
2342	0	1
2347	0	0
2348	0	0
2349	0	1
2350	0	0
2351	0	0
2352	0	0
2353	0	0
2354	0	0
2355	0	0
2374	0	1
2375	0	1
2376	0	0
2376	0	1
2745	2376	0
2746	2376	0
2379	0	0
2379	0	1
2745	2379	0
2746	2379	0
2398	0	0
2417	0	0
2418	0	0
2419	0	0
2420	0	0
2421	0	0
2422	0	0
2425	0	0
2426	0	0
2427	0	0
2430	0	0
2431	0	0
2432	0	0
2435	0	0
2436	0	0
2437	0	0
2438	0	0
2439	0	0
2440	0	0
2443	0	0
2444	0	0
2445	0	0
2448	0	0
2449	0	0
2450	0	0
2467	0	1
2468	0	1
2469	0	1
2470	0	1
2471	0	0
2471	0	1
2980	2471	1
2474	0	1
2475	0	1
2476	0	1
2477	0	1
2478	0	1
2481	0	1
2482	0	1
2483	0	0
2483	0	1
4964	2483	0
4965	2483	0
2486	0	0
2487	0	0
2488	0	0
2488	0	1
2497	0	0
2497	0	1
2506	0	0
2506	0	1
2515	0	0
2515	0	1
2524	0	0
2524	0	1
2533	0	0
2533	0	1
2542	0	0
2542	0	1
2551	0	0
2551	0	1
2560	0	0
2560	0	1
2569	0	0
2569	0	1
2578	0	0
2578	0	1
2587	0	0
2587	0	1
2596	0	0
2596	0	1
2605	0	0
2605	0	1
2614	0	0
2614	0	1
2623	0	0
2623	0	1
2632	0	1
2633	0	1
2634	0	1
2635	0	1
2636	0	1
2637	0	1
2638	0	1
2639	0	1
2640	0	1
2641	0	1
2642	0	1
2643	0	1
2644	0	1
2645	0	1
2646	0	1
2647	0	1
2648	0	0
2648	0	1
3172	2648	1
3407	2648	1
3410	2648	1
2652	0	0
2652	0	1
3413	2652	1
3414	2652	1
2656	0	0
2656	0	1
2659	0	0
2659	0	1
2662	0	0
2662	0	1
3175	2662	1
3423	2662	1
3426	2662	1
2666	0	0
2666	0	1
3429	2666	1
3430	2666	1
2670	0	0
2670	0	1
2673	0	0
2673	0	1
3178	2673	1
3431	2673	1
3434	2673	1
2677	0	0
2677	0	1
3437	2677	1
3438	2677	1
2681	0	0
2681	0	1
2684	0	0
2684	0	1
3181	2684	1
3439	2684	1
3442	2684	1
2688	0	0
2688	0	1
3445	2688	1
3446	2688	1
2692	0	0
2692	0	1
3194	2692	1
2697	0	0
2697	0	1
3194	2697	1
2702	0	0
2702	0	1
3184	2702	1
3455	2702	1
3458	2702	1
2706	0	0
2706	0	1
3461	2706	1
3462	2706	1
2710	0	0
2710	0	1
3194	2710	1
2715	0	0
2715	0	1
3187	2715	1
3463	2715	1
3466	2715	1
2719	0	0
2719	0	1
3469	2719	1
3470	2719	1
2723	0	0
2723	0	1
3194	2723	1
2728	0	1
2729	0	1
2730	0	1
2731	0	1
2732	0	1
2733	0	1
2734	0	1
2735	0	1
2736	0	1
2737	0	1
2738	0	1
2739	0	1
2740	0	1
2741	0	1
2742	0	1
2743	0	1
2744	0	1
2745	0	1
2748	0	1
2749	0	1
2750	0	1
2751	0	1
2754	0	1
2755	0	1
2756	0	1
2757	0	1
2758	0	0
2758	0	1
4587	2758	0
4588	2758	0
2761	0	0
2761	0	1
4587	2761	0
4588	2761	0
2764	0	0
2764	0	1
4964	2764	0
4965	2764	0
2768	0	1
2769	0	1
2898	0	0
2899	0	0
2900	0	0
2901	0	0
2962	0	1
2967	0	0
2967	0	1
2970	0	0
2970	0	1
2973	0	0
2973	0	1
3389	2973	1
2977	0	0
2977	0	1
3388	2977	1
2980	0	0
2984	0	1
2985	0	1
2986	0	1
2987	0	1
2988	0	1
2989	0	1
2990	0	1
2991	0	1
2992	0	1
2993	0	1
2994	0	1
2995	0	1
2996	0	1
2997	0	1
2998	0	1
2999	0	1
3000	0	1
3001	0	1
3002	0	1
3003	0	1
3004	0	1
3005	0	1
3006	0	1
3007	0	1
3008	0	1
3009	0	1
3010	0	1
3011	0	1
3012	0	1
3013	0	1
3014	0	1
3015	0	1
3016	0	1
3017	0	1
3018	0	1
3019	0	1
3020	0	1
3021	0	1
3022	0	1
3023	0	1
3024	0	1
3025	0	1
3026	0	1
3027	0	1
3028	0	1
3029	0	1
3030	0	1
3031	0	1
3032	0	1
3033	0	1
3034	0	1
3035	0	1
3036	0	1
3037	0	1
3038	0	1
3039	0	1
3040	0	1
3041	0	1
3042	0	1
3043	0	1
3044	0	1
3045	0	1
3046	0	1
3047	0	1
3048	0	1
3049	0	1
3050	0	1
3051	0	1
3052	0	1
3053	0	1
3054	0	1
3055	0	1
3056	0	1
3057	0	1
3058	0	1
3059	0	1
3060	0	1
3061	0	1
3062	0	1
3063	0	1
3064	0	1
3065	0	1
3066	0	1
3067	0	1
3068	0	1
3069	0	1
3070	0	1
3071	0	1
3072	0	1
3073	0	1
3074	0	1
3075	0	1
3076	0	1
3077	0	1
3078	0	1
3079	0	1
3080	0	1
3081	0	1
3082	0	1
3083	0	1
3084	0	1
3085	0	1
3086	0	1
3087	0	1
3088	0	1
3089	0	1
3090	0	1
3091	0	1
3092	0	1
3093	0	1
3094	0	1
3095	0	1
3096	0	1
3097	0	1
3098	0	1
3099	0	1
3100	0	1
3101	0	1
3102	0	1
3103	0	1
3104	0	1
3105	0	1
3106	0	1
3107	0	1
3108	0	1
3109	0	1
3110	0	1
3111	0	1
3112	0	0
3112	0	1
3407	3112	1
3414	3112	1
3115	0	0
3115	0	1
3410	3115	1
3413	3115	1
3118	0	0
3119	0	0
3119	0	1
3415	3119	0
3419	3119	0
3122	0	0
3122	0	1
3645	3122	1
3652	3122	1
3125	0	0
3125	0	1
3648	3125	1
3651	3125	1
3128	0	0
3128	0	1
3423	3128	1
3430	3128	1
3131	0	0
3131	0	1
3426	3131	1
3429	3131	1
3134	0	0
3135	0	0
3135	0	1
3431	3135	1
3438	3135	1
3138	0	0
3138	0	1
3434	3138	1
3437	3138	1
3141	0	0
3142	0	0
3142	0	1
3439	3142	1
3446	3142	1
3145	0	0
3145	0	1
3442	3145	1
3445	3145	1
3148	0	0
3149	0	0
3149	0	1
3447	3149	0
3451	3149	0
3152	0	0
3152	0	1
3664	3152	1
3671	3152	1
3155	0	0
3155	0	1
3667	3155	1
3670	3155	1
3158	0	0
3158	0	1
3455	3158	1
3462	3158	1
3161	0	0
3161	0	1
3458	3161	1
3461	3161	1
3164	0	0
3165	0	0
3165	0	1
3463	3165	1
3470	3165	1
3168	0	0
3168	0	1
3466	3168	1
3469	3168	1
3171	0	0
3172	0	0
3172	0	1
3175	0	0
3175	0	1
3178	0	0
3178	0	1
3181	0	0
3181	0	1
3184	0	0
3184	0	1
3187	0	0
3187	0	1
3190	0	1
3191	0	1
3192	0	1
3193	0	1
3194	0	0
3195	0	0
3195	0	1
3196	0	1
3206	0	1
3207	0	0
3208	0	0
3209	0	0
3210	0	0
3211	0	0
3212	0	0
3213	0	0
3214	0	0
3215	0	0
3216	0	0
3217	0	0
3218	0	0
3219	0	0
3220	0	0
3221	0	0
3222	0	0
3223	0	0
3224	0	0
3225	0	0
3226	0	0
3227	0	0
3228	0	0
3229	0	0
3230	0	0
3231	0	0
3232	0	0
3233	0	0
3234	0	0
3235	0	0
3236	0	0
3237	0	0
3238	0	0
3239	0	0
3240	0	0
3241	0	0
3242	0	0
3243	0	0
3244	0	0
3245	0	0
3246	0	0
3247	0	0
3248	0	0
3249	0	0
3250	0	0
3251	0	0
3252	0	0
3253	0	0
3254	0	0
3255	0	0
3256	0	0
3257	0	0
3258	0	0
3259	0	0
3260	0	0
3261	0	0
3262	0	0
3263	0	0
3264	0	0
3265	0	0
3266	0	0
3267	0	0
3268	0	0
3269	0	0
3270	0	0
3271	0	0
3272	0	0
3273	0	0
3274	0	0
3275	0	0
3276	0	0
3277	0	0
3278	0	0
3279	0	0
3280	0	0
3281	0	0
3282	0	0
3283	0	0
3284	0	0
3285	0	0
3286	0	0
3287	0	0
3288	0	0
3289	0	0
3290	0	0
3291	0	0
3292	0	0
3293	0	0
3294	0	0
3295	0	0
3296	0	0
3297	0	0
3298	0	0
3299	0	0
3300	0	0
3301	0	0
3302	0	0
3303	0	0
3304	0	0
3305	0	0
3306	0	0
3307	0	0
3308	0	0
3309	0	0
3310	0	0
3311	0	0
3312	0	0
3313	0	0
3314	0	0
3315	0	0
3316	0	0
3317	0	0
3318	0	0
3319	0	0
3320	0	0
3321	0	0
3322	0	0
3323	0	0
3324	0	0
3325	0	0
3326	0	0
3327	0	0
3328	0	0
3329	0	0
3330	0	0
3331	0	0
3332	0	0
3333	0	0
3334	0	0
3383	0	0
3384	0	0
3384	0	1
3387	0	0
3388	0	0
3389	0	0
3390	0	1
3391	0	1
3392	0	1
3393	0	1
3394	0	1
3395	0	1
3396	0	1
3397	0	1
3398	0	1
3399	0	1
3400	0	1
3401	0	1
3402	0	1
3403	0	1
3404	0	1
3405	0	1
3406	0	0
3407	0	0
3407	0	1
3643	3407	0
3644	3407	0
3410	0	0
3410	0	1
3643	3410	0
3644	3410	0
3413	0	0
3414	0	0
3415	0	0
3415	0	1
3645	3415	1
3648	3415	1
3682	3415	1
3419	0	0
3419	0	1
3651	3419	1
3652	3419	1
3423	0	0
3423	0	1
3654	3423	0
3657	3423	0
3426	0	0
3426	0	1
3654	3426	0
3657	3426	0
3429	0	0
3430	0	0
3431	0	0
3431	0	1
3658	3431	0
3661	3431	0
3434	0	0
3434	0	1
3658	3434	0
3661	3434	0
3437	0	0
3438	0	0
3439	0	0
3439	0	1
3662	3439	0
3663	3439	0
3442	0	0
3442	0	1
3662	3442	0
3663	3442	0
3445	0	0
3446	0	0
3447	0	0
3447	0	1
3664	3447	1
3667	3447	1
3690	3447	1
3451	0	0
3451	0	1
3670	3451	1
3671	3451	1
3455	0	0
3455	0	1
3673	3455	0
3676	3455	0
3458	0	0
3458	0	1
3673	3458	0
3676	3458	0
3461	0	0
3462	0	0
3463	0	0
3463	0	1
3677	3463	0
3680	3463	0
3466	0	0
3466	0	1
3677	3466	0
3680	3466	0
3469	0	0
3470	0	0
3471	0	1
3472	0	0
3472	0	1
3706	3472	1
3475	0	0
3475	0	1
3705	3475	1
3478	0	0
3478	0	1
3708	3478	1
3481	0	0
3481	0	1
3707	3481	1
3484	0	0
3484	0	1
3835	3484	1
3487	0	0
3487	0	1
3834	3487	1
3490	0	0
3490	0	1
4098	3490	1
3493	0	0
3493	0	1
4075	3493	1
3496	0	0
3496	0	1
4085	3496	1
3499	0	0
3499	0	1
4076	3499	1
3502	0	0
3502	0	1
4086	3502	1
3505	0	0
3505	0	1
4077	3505	1
3508	0	0
3508	0	1
4101	3508	1
3511	0	0
3511	0	1
4078	3511	1
3514	0	0
3514	0	1
4090	3514	1
3517	0	0
3517	0	1
4079	3517	1
3520	0	0
3520	0	1
4088	3520	1
3523	0	0
3523	0	1
4080	3523	1
3534	0	1
3535	0	1
3536	0	1
3537	0	0
3538	0	0
3539	0	0
3540	0	0
3541	0	0
3542	0	0
3543	0	0
3544	0	0
3545	0	0
3546	0	0
3547	0	0
3548	0	0
3549	0	0
3550	0	0
3551	0	0
3552	0	0
3557	0	1
3568	0	1
3573	0	1
3578	0	1
3589	0	1
3594	0	1
3605	0	0
3626	0	1
3627	0	1
3628	0	1
3629	0	1
3630	0	1
3631	0	1
3632	0	0
3633	0	0
3634	0	1
3635	0	1
3636	0	1
3637	0	1
3638	0	1
3639	0	1
3640	0	1
3641	0	1
3642	0	0
3644	0	1
3645	0	0
3645	0	1
3786	3645	0
3789	3645	0
3648	0	0
3648	0	1
3786	3648	0
3789	3648	0
3651	0	0
3652	0	0
3653	0	0
3654	0	0
3654	0	1
3809	3654	1
3930	3654	1
3657	0	1
3658	0	0
3658	0	1
3812	3658	1
3931	3658	1
3661	0	1
3663	0	1
3664	0	0
3664	0	1
3800	3664	0
3803	3664	0
3667	0	0
3667	0	1
3800	3667	0
3803	3667	0
3670	0	0
3671	0	0
3672	0	0
3673	0	0
3673	0	1
3815	3673	1
3935	3673	1
3676	0	1
3677	0	0
3677	0	1
3818	3677	1
3936	3677	1
3680	0	1
3681	0	1
3682	0	0
3682	0	1
3685	0	1
3686	0	1
3687	0	1
3688	0	1
3689	0	1
3690	0	0
3690	0	1
3693	0	1
3694	0	1
3695	0	1
3696	0	1
3697	0	0
3697	0	1
3777	3697	1
3700	0	0
3700	0	1
3775	3700	1
3703	0	1
3704	0	1
3705	0	1
3706	0	1
3707	0	1
3708	0	1
3711	0	1
3712	0	1
3713	0	0
3714	0	0
3715	0	0
3716	0	0
3717	0	0
3718	0	0
3719	0	0
3720	0	0
3721	0	0
3721	0	1
3894	3721	1
3926	3721	1
3930	3721	1
3931	3721	1
3731	0	1
3734	0	0
3734	0	1
3926	3734	1
3931	3734	1
3740	0	0
3740	0	1
3926	3740	1
3743	0	0
3743	0	1
3895	3743	1
3932	3743	1
3935	3743	1
3936	3743	1
3753	0	1
3756	0	0
3756	0	1
3932	3756	1
3936	3756	1
3762	0	0
3762	0	1
3932	3762	1
3765	0	1
3766	0	1
3773	0	1
3774	0	1
3775	0	1
3776	0	1
3777	0	1
3778	0	1
3779	0	0
3780	0	0
3786	0	0
3786	0	1
3894	3786	1
3912	3786	1
3789	0	1
3800	0	0
3800	0	1
3895	3800	1
3916	3800	1
3803	0	1
3809	0	0
3809	0	1
4446	3809	1
3812	0	0
3812	0	1
4421	3812	0
3815	0	0
3815	0	1
4287	3815	0
4327	3815	1
3818	0	0
3818	0	1
3821	0	0
3821	0	1
4154	3821	1
3824	0	0
3824	0	1
4147	3824	1
3827	0	0
3827	0	1
4161	3827	1
3830	0	0
3830	0	1
4151	3830	1
3833	0	0
3833	0	1
3834	0	1
3835	0	1
3838	0	0
3838	0	1
3926	3838	1
3930	3838	1
3931	3838	1
3845	0	0
3845	0	1
3932	3845	1
3935	3845	1
3936	3845	1
3850	0	0
3850	0	1
3855	0	0
3855	0	1
3858	0	0
3858	0	1
3861	0	0
3861	0	1
3865	0	0
3865	0	1
3868	0	0
3868	0	1
3894	0	1
3895	0	1
3898	0	1
3899	0	1
3906	0	1
3911	0	1
3913	0	0
3913	0	1
4325	3913	1
4447	3913	1
3917	0	0
3917	0	1
4238	3917	1
4328	3917	1
3920	0	1
3921	0	0
3921	0	1
4393	3921	1
3924	0	1
3925	0	1
3926	0	0
3926	0	1
4028	3926	1
4073	3926	1
3930	0	1
3931	0	1
3932	0	0
3932	0	1
4028	3932	1
4056	3932	1
3935	0	1
3936	0	1
3937	0	0
3937	0	1
3940	0	0
3940	0	1
3947	0	1
3948	0	1
3950	0	0
3950	0	1
4058	3950	1
3953	0	0
3953	0	1
4029	3953	1
3956	0	0
3956	0	1
4044	3956	1
3959	0	0
3959	0	1
4030	3959	1
3962	0	0
3962	0	1
4047	3962	1
3965	0	0
3965	0	1
4031	3965	1
3968	0	0
3968	0	1
4066	3968	1
3971	0	0
3971	0	1
4032	3971	1
3974	0	0
3974	0	1
4055	3974	1
3977	0	0
3977	0	1
4033	3977	1
3980	0	0
3980	0	1
4052	3980	1
3983	0	0
3983	0	1
4034	3983	1
3987	0	0
3987	0	1
3992	0	0
3992	0	1
4310	3992	0
3996	0	0
3996	0	1
4073	3996	1
4091	3996	1
4013	0	1
4028	0	0
4028	0	1
4029	0	1
4030	0	1
4031	0	1
4032	0	1
4033	0	1
4034	0	1
4035	0	0
4035	0	1
4283	4035	1
4284	4035	1
4042	0	1
4043	0	1
4044	0	1
4045	0	1
4046	0	1
4047	0	1
4048	0	1
4049	0	1
4050	0	1
4051	0	1
4052	0	1
4053	0	1
4054	0	1
4055	0	1
4056	0	0
4057	0	1
4058	0	1
4059	0	0
4059	0	1
4114	4059	1
4062	0	0
4062	0	1
4106	4062	1
4065	0	1
4066	0	1
4067	0	0
4067	0	1
4127	4067	1
4070	0	0
4070	0	1
4110	4070	1
4073	0	1
4074	0	1
4075	0	1
4076	0	1
4077	0	1
4078	0	1
4079	0	1
4080	0	1
4085	0	1
4086	0	1
4088	0	1
4090	0	1
4091	0	0
4091	0	1
4094	0	0
4094	0	1
4186	4094	1
4331	4094	1
4098	0	1
4101	0	1
4106	0	1
4110	0	1
4113	0	1
4114	0	1
4115	0	1
4116	0	0
4116	0	1
4119	0	0
4119	0	1
4122	0	1
4123	0	0
4123	0	1
4242	4123	1
4126	0	1
4127	0	1
4128	0	0
4128	0	1
4238	4128	1
4318	4128	1
4319	4128	1
4328	4128	1
4139	0	0
4139	0	1
4705	4139	1
4142	0	0
4142	0	1
4555	4142	1
4145	0	0
4145	0	1
4146	0	1
4147	0	1
4148	0	1
4149	0	1
4150	0	1
4151	0	1
4152	0	1
4153	0	1
4154	0	1
4161	0	1
4167	0	0
4167	0	1
4283	4167	1
4322	4167	1
4326	4167	1
4448	4167	1
4174	0	0
4174	0	1
4284	4174	1
4316	4174	1
4317	4174	1
4443	4174	1
4182	0	0
4182	0	1
4528	4182	1
4186	0	0
4186	0	1
4675	4186	1
4189	0	0
4191	0	0
4192	0	0
4193	0	0
4195	0	0
4196	0	0
4197	0	0
4197	0	1
4200	0	0
4200	0	1
4447	4200	1
4448	4200	1
4203	0	0
4203	0	1
4316	4203	1
4325	4203	1
4326	4203	1
4443	4203	1
4209	0	0
4209	0	1
4317	4209	1
4322	4209	1
4213	0	0
4213	0	1
4316	4213	1
4326	4213	1
4443	4213	1
4448	4213	1
4218	0	0
4218	0	1
4318	4218	1
4327	4218	1
4328	4218	1
4223	0	0
4223	0	1
4318	4223	1
4319	4223	1
4371	4223	1
4371	4223	1
4238	0	0
4239	0	1
4241	0	1
4242	0	0
4242	0	1
4247	0	0
4247	0	1
4329	4247	1
4251	0	1
4252	0	1
4253	0	1
4254	0	1
4255	0	1
4256	0	1
4257	0	1
4258	0	1
4283	0	0
4284	0	0
4284	0	1
4608	4284	1
4287	0	0
4287	0	1
4497	4287	1
4291	0	1
4295	0	1
4296	0	0
4296	0	1
4442	4296	0
4468	4296	0
4299	0	1
4303	0	0
4304	0	0
4305	0	0
4305	0	1
4443	4305	1
4446	4305	1
4447	4305	1
4448	4305	1
4310	0	0
4310	0	1
4563	4310	1
4316	0	1
4317	0	1
4318	0	1
4319	0	0
4319	0	1
4493	4319	1
4545	4319	1
4322	0	0
4325	0	1
4326	0	1
4327	0	1
4328	0	1
4329	0	1
4330	0	1
4331	0	0
4331	0	1
4442	4331	0
4468	4331	0
4335	0	0
4335	0	1
5080	4335	0
5085	4335	0
4338	0	0
4338	0	1
5058	4338	0
5061	4338	0
4341	0	0
4341	0	1
4876	4341	0
4880	4341	0
4344	0	0
4344	0	1
4988	4344	0
4991	4344	0
4347	0	0
4347	0	1
4996	4347	0
4999	4347	0
4350	0	0
4350	0	1
4727	4350	0
4730	4350	0
4353	0	0
4353	0	1
4572	4353	1
4356	0	0
4356	0	1
4552	4356	1
4359	0	0
4359	0	1
4487	4359	1
4362	0	0
4362	0	1
4573	4362	1
4365	0	0
4365	0	1
4678	4365	1
4368	0	0
4368	0	1
4679	4368	1
4371	0	0
4371	0	1
4463	4371	1
4376	0	1
4377	0	1
4387	0	0
4387	0	1
4390	0	0
4390	0	1
4393	0	1
4398	0	0
4398	0	1
4497	4398	1
4413	0	0
4413	0	1
4668	4413	1
4416	0	0
4416	0	1
4527	4416	1
4421	0	0
4421	0	1
4509	4421	1
4427	0	0
4427	0	1
4511	4427	1
4430	0	0
4430	0	1
4530	4430	1
4435	0	0
4435	0	1
4708	4435	1
4442	0	1
4443	0	0
4443	0	1
4549	4443	1
4446	0	1
4447	0	1
4448	0	1
4452	0	1
4458	0	0
4458	0	1
4461	0	1
4462	0	1
4463	0	1
4464	0	1
4465	0	0
4465	0	1
4563	4465	1
4468	0	0
4468	0	1
4808	4468	1
4472	0	0
4472	0	1
5050	4472	0
5055	4472	0
4475	0	0
4475	0	1
5018	4475	0
5021	4475	0
4479	0	0
4479	0	1
4733	4479	1
4484	0	1
4486	0	1
4487	0	1
4491	0	1
4493	0	0
4493	0	1
4716	4493	1
4496	0	1
4497	0	0
4498	0	0
4498	0	1
4587	4498	0
4588	4498	0
4503	0	0
4503	0	1
4506	0	1
4507	0	1
4508	0	1
4509	0	1
4510	0	1
4511	0	1
4515	0	1
4526	0	1
4527	0	1
4528	0	1
4529	0	1
4530	0	1
4531	0	0
4531	0	1
4786	4531	1
4534	0	0
4534	0	1
4787	4534	1
4537	0	0
4537	0	1
4788	4537	1
4540	0	0
4540	0	1
4789	4540	1
4545	0	0
4549	0	0
4549	0	1
4552	0	1
4555	0	1
4558	0	1
4559	0	0
4559	0	1
4647	4559	1
4650	4559	1
4562	0	1
4563	0	0
4564	0	0
4564	0	1
4900	4564	0
4901	4564	1
4568	0	1
4569	0	0
4569	0	1
4629	4569	1
4572	0	1
4573	0	1
4576	0	0
4576	0	1
4636	4576	1
4581	0	0
4581	0	1
4641	4581	1
4584	0	0
4584	0	1
4643	4584	1
4587	0	1
4589	0	0
4589	0	1
4593	0	0
4593	0	1
4596	0	1
4597	0	1
4599	0	0
4599	0	1
4602	0	1
4603	0	1
4608	0	0
4613	0	0
4613	0	1
4688	4613	1
4616	0	0
4616	0	1
4670	4616	1
4619	0	0
4619	0	1
4674	4619	1
4623	0	0
4623	0	1
4677	4623	1
4628	0	1
4629	0	1
4630	0	1
4635	0	1
4636	0	1
4640	0	1
4641	0	1
4642	0	1
4643	0	1
4644	0	0
4644	0	1
4916	4644	1
4647	0	0
4647	0	1
4727	4647	0
4730	4647	0
4650	0	0
4650	0	1
4727	4650	0
4730	4650	0
4656	0	0
4656	0	1
4924	4656	1
4659	0	0
4659	0	1
4925	4659	1
4664	0	0
4664	0	1
4873	4664	1
4667	0	0
4667	0	1
4668	0	1
4669	0	1
4670	0	1
4673	0	1
4674	0	1
4675	0	1
4676	0	1
4677	0	1
4678	0	1
4679	0	1
4687	0	1
4688	0	1
4691	0	0
4691	0	1
4748	4691	1
4694	0	0
4694	0	1
4750	4694	1
4697	0	0
4697	0	1
4754	4697	1
4700	0	0
4700	0	1
4756	4700	1
4704	0	1
4705	0	1
4706	0	1
4707	0	1
4708	0	1
4711	0	0
4711	0	1
4794	4711	1
4797	4711	1
4716	0	1
4717	0	0
4717	0	1
4800	4717	1
4808	4717	1
4901	4717	1
4722	0	0
4722	0	1
4981	4722	0
4982	4722	1
4726	0	1
4727	0	0
4727	0	1
4815	4727	1
4730	0	0
4730	0	1
5066	4730	1
4733	0	1
4740	0	0
4740	0	1
4743	0	0
4743	0	1
4831	4743	1
4982	4743	1
4747	0	1
4748	0	1
4749	0	1
4750	0	1
4753	0	1
4754	0	1
4755	0	1
4756	0	1
4757	0	0
4757	0	1
4838	4757	1
4901	4757	1
4769	0	0
4769	0	1
4860	4769	1
4772	0	0
4772	0	1
4859	4772	1
4775	0	0
4775	0	1
4829	4775	1
4778	0	1
4786	0	1
4787	0	1
4788	0	1
4789	0	1
4794	0	0
4794	0	1
4876	4794	0
4880	4794	0
4797	0	0
4797	0	1
4876	4797	0
4880	4797	0
4800	0	0
4800	0	1
4996	4800	0
4999	4800	0
4805	0	0
4805	0	1
4952	4805	1
4808	0	0
4808	0	1
4930	4808	1
4812	0	0
4812	0	1
5108	4812	1
4815	0	0
4815	0	1
4816	0	1
4817	0	1
4818	0	0
4818	0	1
4907	4818	1
4916	4818	1
4982	4818	1
4823	0	0
4823	0	1
4901	4823	1
4913	4823	1
4829	0	1
4830	0	1
4831	0	0
4831	0	1
5050	4831	0
5055	4831	0
4838	0	0
4838	0	1
5018	4838	0
5021	4838	0
4844	0	0
4844	0	1
4897	4844	1
4847	0	0
4847	0	1
4899	4847	1
4850	0	0
4850	0	1
4969	4850	1
4854	0	0
4854	0	1
4905	4854	1
4859	0	1
4860	0	1
4868	0	0
4870	0	1
4872	0	1
4873	0	1
4876	0	0
4876	0	1
4944	4876	1
4880	0	0
4880	0	1
5133	4880	1
4885	0	1
4889	0	0
4889	0	1
4928	4889	1
4895	0	1
4896	0	1
4897	0	1
4898	0	1
4899	0	1
4900	0	0
4901	0	0
4902	0	1
4904	0	1
4905	0	1
4907	0	0
4907	0	1
5058	4907	0
5061	4907	0
4913	0	0
4913	0	1
4988	4913	0
4991	4913	0
4916	0	0
4916	0	1
4950	4916	1
4920	0	1
4921	0	0
4921	0	1
4964	4921	0
4965	4921	0
4924	0	1
4925	0	1
4926	0	1
4928	0	1
4929	0	1
4930	0	1
4931	0	1
4937	0	0
4937	0	1
5220	4937	1
4940	0	0
4940	0	1
5221	4940	1
4944	0	0
4944	0	1
4946	0	0
4946	0	1
4982	4946	1
4985	4946	1
4950	0	1
4951	0	1
4952	0	1
4953	0	1
4954	0	0
4954	0	1
4988	4954	0
4991	4954	0
4957	0	0
4957	0	1
4996	4957	0
4999	4957	0
4964	0	1
4968	0	0
4969	0	1
4973	0	0
4973	0	1
5018	4973	0
5021	4973	0
4978	0	1
4979	0	1
4980	0	1
4981	0	0
4982	0	0
4983	0	1
4984	0	1
4985	0	0
4985	0	1
5080	4985	0
5085	4985	0
4988	0	0
4988	0	1
5045	4988	1
4991	0	0
4991	0	1
5066	4991	1
4996	0	0
4996	0	1
5047	4996	1
4999	0	0
4999	0	1
5066	4999	1
5002	0	0
5002	0	1
5007	0	1
5010	0	0
5010	0	1
5050	5010	0
5055	5010	0
5013	0	0
5013	0	1
5058	5013	0
5061	5013	0
5018	0	0
5018	0	1
5078	5018	1
5021	0	0
5021	0	1
5066	5021	1
5026	0	1
5029	0	1
5030	0	0
5030	0	1
5080	5030	0
5085	5030	0
5039	0	0
5039	0	1
5094	5039	1
5042	0	0
5042	0	1
5125	5042	1
5045	0	0
5045	0	1
5046	0	1
5047	0	0
5047	0	1
5050	0	0
5050	0	1
5102	5050	1
5102	5050	1
5114	5050	1
5055	0	0
5055	0	1
5133	5055	1
5136	5055	1
5058	0	0
5058	0	1
5121	5058	1
5061	0	0
5061	0	1
5133	5061	1
5066	0	0
5066	0	1
5166	5066	1
5173	5066	1
5070	0	0
5070	0	1
5110	5070	1
5078	0	0
5078	0	1
5080	0	0
5080	0	1
5120	5080	1
5120	5080	1
5128	5080	1
5085	0	0
5085	0	1
5133	5085	1
5136	5085	1
5094	0	1
5095	0	1
5097	0	1
5102	0	0
5102	0	1
5103	0	1
5108	0	1
5109	0	1
5110	0	1
5111	0	0
5111	0	1
5114	0	0
5114	0	1
5117	0	0
5117	0	1
5212	5117	1
5120	0	0
5120	0	1
5121	0	0
5121	0	1
5122	0	0
5122	0	1
5125	0	1
5128	0	0
5128	0	1
5133	0	0
5133	0	1
5166	5133	1
5173	5133	1
5136	0	0
5139	0	0
5139	0	1
5183	5139	1
5145	0	0
5145	0	1
5151	0	0
5151	0	1
5196	5151	1
5154	0	0
5154	0	1
5198	5154	1
5159	0	1
5160	0	0
5160	0	1
5242	5160	1
5163	0	0
5163	0	1
5243	5163	1
5173	0	0
5174	0	0
5174	0	1
5245	5174	1
5177	0	0
5177	0	1
5246	5177	1
5182	0	1
5183	0	1
5184	0	0
5184	0	1
5223	5184	1
5188	0	0
5188	0	1
5224	5188	1
5192	0	0
5192	0	1
5193	0	1
5196	0	1
5197	0	1
5198	0	1
5199	0	1
5201	0	1
5203	0	1
5205	0	0
5205	0	1
5232	5205	1
5209	0	0
5209	0	1
5234	5209	1
5212	0	1
5217	0	1
5219	0	1
5220	0	1
5221	0	1
5222	0	1
5223	0	1
5224	0	1
5225	0	1
5228	0	0
5228	0	1
5295	5228	1
5231	0	0
5231	0	1
5232	0	1
5233	0	1
5234	0	1
5235	0	1
5236	0	0
5236	0	1
5277	5236	1
5285	5236	1
5242	0	1
5243	0	1
5245	0	1
5246	0	1
5250	0	0
5250	0	1
5278	5250	1
5286	5250	1
5253	0	1
5254	0	0
5254	0	1
5277	5254	1
5278	5254	1
5258	0	0
5258	0	1
5266	0	0
5266	0	1
5285	5266	1
5286	5266	1
5269	0	0
5269	0	1
5284	5269	1
5277	0	0
5278	0	0
5279	0	0
5279	0	1
5283	0	1
5284	0	1
5285	0	0
5286	0	0
5289	0	0
5289	0	1
5354	5289	1
5292	0	0
5292	0	1
5355	5292	1
5295	0	1
5298	0	0
5298	0	1
5303	0	0
5303	0	1
5350	5303	1
5306	0	0
5306	0	1
5351	5306	1
5309	0	0
5309	0	1
5312	0	1
5313	0	1
5322	0	1
5323	0	1
5324	0	0
5324	0	1
5340	5324	1
5327	0	0
5327	0	1
5341	5327	1
5332	0	0
5332	0	1
5348	5332	1
5335	0	0
5335	0	1
5349	5335	1
5340	0	1
5341	0	1
5344	0	1
5345	0	1
5348	0	1
5349	0	1
5350	0	1
5351	0	1
5352	0	1
5353	0	1
5354	0	1
5355	0	1
5356	0	1
5357	0	1
5358	0	1
5359	0	1
5360	0	0
5360	0	1
5361	0	0
5361	0	1

Circuit processing completed. c3540.isc

