ISC file: c2670.isc

Gate	Type	Fanout
1	PI	 405
2	PI	 495
3	PI	 405
4	PI	 1545
5	PI	 1547
6	PI	 1551
7	PI	 651
8	PI	 506 503
11	PI	 1069 543
14	PI	 2817
15	PI	 495
16	PI	 643 637
19	PI	 1544
20	PI	 1546
21	PI	 1548
22	PI	 1549
23	PI	 1550
24	PI	 1552
25	PI	 1564
26	PI	 1566
27	PI	 1568
28	PI	 1571
29	PI	 699 693
32	PI	 1565
33	PI	 1567
34	PI	 1569
35	PI	 1570
36	PI	 1822
37	PI	 499 499
40	PI	 2250 2113
43	PI	 1455
44	PI	 544 487
47	PI	 1479
48	PI	 1476
49	PI	 1473
50	PI	 1470
51	PI	 1467
52	PI	 1464
53	PI	 1461
54	PI	 1458
55	PI	 1452
56	PI	 1456
57	PI	 547 493
60	PI	 1480
61	PI	 1477
62	PI	 1471
63	PI	 1468
64	PI	 1465
65	PI	 1462
66	PI	 1459
67	PI	 1453
68	PI	 1065
69	PI	 547 491
72	PI	 1101
73	PI	 1100
74	PI	 1099
75	PI	 1098
76	PI	 1097
77	PI	 1068
78	PI	 1067
79	PI	 1066
80	PI	 1064
81	PI	 1454
82	PI	 544 489
85	PI	 1478
86	PI	 1475
87	PI	 1472
88	PI	 1469
89	PI	 1466
90	PI	 1463
91	PI	 1460
92	PI	 1457
93	PI	 1451
94	PI	 1026
95	PI	 1533
96	PI	 544 490
99	PI	 1491
100	PI	 1488
101	PI	 1485
102	PI	 1482
103	PI	 1542
104	PI	 1539
105	PI	 1536
106	PI	 1530
107	PI	 1169
108	PI	 547 494
111	PI	 1127
112	PI	 1126
113	PI	 1125
114	PI	 1124
115	PI	 1172
116	PI	 1171
117	PI	 1170
118	PI	 1168
119	PI	 1534
120	PI	 547 492
123	PI	 1492
124	PI	 1489
125	PI	 1486
126	PI	 1483
127	PI	 1543
128	PI	 1540
129	PI	 1537
130	PI	 1531
131	PI	 1532
132	PI	 544 488
135	PI	 1490
136	PI	 1487
137	PI	 1484
138	PI	 1481
139	PI	 1541
140	PI	 1538
141	PI	 1535
142	PI	 1529
143	PI	 3883
144	PI	 3884
145	PI	 3885
146	PI	 3886
147	PI	 3887
148	PI	 3888
149	PI	 3889
150	PI	 3890
151	PI	 3891
152	PI	 3892
153	PI	 3893
154	PI	 3894
155	PI	 3895
156	PI	 3896
157	PI	 3897
158	PI	 3898
159	PI	 3899
160	PI	 3900
161	PI	 3901
162	PI	 3902
163	PI	 3903
164	PI	 3904
165	PI	 3905
166	PI	 3906
167	PI	 3907
168	PI	 3908
169	PI	 3909
170	PI	 3910
171	PI	 3911
172	PI	 3912
173	PI	 3913
174	PI	 3914
175	PI	 3915
176	PI	 3916
177	PI	 3917
178	PI	 3918
179	PI	 3919
180	PI	 3920
181	PI	 3921
182	PI	 3922
183	PI	 3923
184	PI	 3924
185	PI	 3925
186	PI	 3926
187	PI	 3927
188	PI	 3928
189	PI	 3929
190	PI	 3930
191	PI	 3931
192	PI	 3932
193	PI	 3933
194	PI	 3934
195	PI	 3935
196	PI	 3936
197	PI	 3937
198	PI	 3938
199	PI	 3939
200	PI	 3940
201	PI	 3941
202	PI	 3942
203	PI	 3943
204	PI	 3944
205	PI	 3945
206	PI	 3946
207	PI	 3947
208	PI	 3948
209	PI	 3949
210	PI	 3950
211	PI	 3951
212	PI	 3952
213	PI	 3953
214	PI	 3954
215	PI	 3955
216	PI	 3956
217	PI	 3957
218	PI	 3958
219	PI	 500 401 400 398
224	PI	 1823 1822
227	PI	 550 509
230	PI	 408
231	PI	 1276 1029
234	PI	 562 521
237	PI	 651 496 495
241	PI	 1815 1814 1813 533
246	PI	 3753 2386 2126 1832 543 537
253	PI	 420 419
256	PI	 738 574
259	PI	 735 578
262	PI	 425
263	PI	 741 655
266	PI	 747 659
269	PI	 744 663
272	PI	 753 667
275	PI	 750 671
278	PI	 759 675
281	PI	 756 679
284	PI	 765 683
287	PI	 762 687
290	PI	 458 457 456
294	PI	 768 705
297	PI	 774 711 485
301	PI	 771 715 485
305	PI	 780 719 485
309	PI	 777 723 485
313	PI	 786 727
316	PI	 783 730
319	PI	 613 582
322	PI	 625 594
325	PI	 1275 1027
328	PI	 901 606
331	PI	 900 607
334	PI	 903 608
337	PI	 902 609
340	PI	 905 610
343	PI	 904 611
346	PI	 999 733
349	PI	 998 734
352	PI	 1351 612
355	PI	 1395 650
398	BUF	 3959
400	BUF	 3960
401	BUF	 3961
405	AND	 486
408	NOT	 2120
419	BUF	 3962
420	BUF	 3963
425	NOT	 1894
456	BUF	 3964
457	BUF	 3965
458	BUF	 3966
485	AND	 792
486	NOT	 1823
487	NOT	 3967
488	NOT	 3968
489	NOT	 3969
490	NOT	 3970
491	NOT	 3971
492	NOT	 3972
493	NOT	 3973
494	NOT	 3974
495	AND	 799
496	BUF	 1823 1822
499	AND	 800
500	BUF	 1026 805
503	BUF	 1070 1037
506	BUF	 1195 1190
509	BUF	 1464 1461 1458 1455 1452 1068 1067 1066 1065 1064 1042
521	BUF	 1465 1462 1459 1456 1453 1068 1067 1066 1065 1064 1053
533	NOT	 3478 2358 1969
537	NOT	 2127 2125 1831 1830 1069
543	AND	 1302
544	AND	 1034 1032
547	AND	 1034 1033
550	BUF	 1479 1476 1473 1470 1467 1101 1100 1099 1098 1097 1075
562	BUF	 1480 1477 1474 1471 1468 1101 1100 1099 1098 1097 1086
574	NOT	 3029 3007 1219
578	NOT	 3044 3035 1222
582	BUF	 1494 1491 1488 1485 1482 1128 1127 1126 1125 1124 1102
594	BUF	 1495 1492 1489 1486 1483 1128 1127 1126 1125 1124 1113
606	NOT	 900
607	NOT	 901
608	NOT	 902
609	NOT	 903
610	NOT	 904
611	NOT	 905
612	NOT	 1141
613	BUF	 1542 1539 1536 1533 1530 1172 1171 1170 1169 1168 1146
625	BUF	 1543 1540 1537 1534 1531 1172 1171 1170 1169 1168 1157
637	BUF	 1913 1912 1911 1910 1173
643	BUF	 1918 1917 1916 1915 1914 1178
650	NOT	 1185
651	AND	 1029 1028 1027
655	NOT	 3045 3036 1225
659	NOT	 3046 3037 1228
663	NOT	 3064 3053 1231
667	NOT	 3065 3054 1234
671	NOT	 3066 3055 1237
675	NOT	 3067 3056 1240
679	NOT	 3068 3057 1243
683	NOT	 3069 3058 1246
687	NOT	 3208 3197 3070 3059 1251
693	BUF	 1931 1930 1929 1928 1200
699	BUF	 1935 1934 1933 1932 1205
705	NOT	 3218 3215 3071 3060 1254
711	NOT	 3219 3216 1257
715	NOT	 3220 3217 1260
719	NOT	 3230 3222 1263
723	NOT	 3231 3223 1266
727	NOT	 2153 1885
730	NOT	 2155 1888
733	NOT	 998
734	NOT	 999
735	BUF	 1423 1210
738	BUF	 1422 1211
741	BUF	 1141 1140
744	BUF	 1353 1142
747	BUF	 1352 1143
750	BUF	 1355 1144
753	BUF	 1354 1145
756	BUF	 1425 1212
759	BUF	 1424 1213
762	BUF	 1427 1214
765	BUF	 1426 1215
768	BUF	 1185 1184
771	BUF	 1397 1186
774	BUF	 1396 1187
777	BUF	 1399 1188
780	BUF	 1398 1189
783	BUF	 1441 1249
786	BUF	 1440 1250
792	NOT	 3975
799	NOT	 3976
800	NOT	 3790 3600
805	BUF	 3977
900	NAND	 1129
901	NAND	 1129
902	NAND	 1133
903	NAND	 1133
904	NAND	 1137
905	NAND	 1137
998	NAND	 1216
999	NAND	 1216
1026	AND	 3978
1027	AND	 1269
1028	NOT	 3979
1029	NAND	 3980
1032	NOT	 1275
1033	NOT	 1276
1034	AND	 1448 1277
1037	BUF	 2985 2984 2901 2900
1042	NOT	 1465 1463 1462 1460 1459 1457 1456 1454 1453 1451
1053	NOT	 1464 1463 1461 1460 1458 1457 1455 1454 1452 1451
1064	AND	 1596
1065	AND	 1600
1066	AND	 1606
1067	AND	 1612
1068	AND	 1615
1069	AND	 1302
1070	BUF	 3009 3008 2917 2916
1075	NOT	 1480 1478 1477 1475 1474 1472 1471 1469 1468 1466
1086	NOT	 1479 1478 1476 1475 1473 1472 1470 1469 1467 1466
1097	AND	 1619
1098	AND	 1624
1099	AND	 1628
1100	AND	 1631
1101	AND	 1634
1102	NOT	 1495 1493 1492 1490 1489 1487 1486 1484 1483 1481
1113	NOT	 1494 1493 1491 1490 1488 1487 1485 1484 1482 1481
1124	AND	 1637
1125	AND	 1642
1126	AND	 1647
1127	AND	 1651
1128	AND	 1656
1129	NAND	 1909 1784 1496
1133	NAND	 1908 1784 1499
1137	NAND	 1516 1513
1140	NOT	 1351
1141	NAND	 1502
1142	NOT	 1352
1143	NOT	 1353
1144	NOT	 1354
1145	NOT	 1355
1146	NOT	 1543 1541 1540 1538 1537 1535 1534 1532 1531 1529
1157	NOT	 1542 1541 1539 1538 1536 1535 1533 1532 1530 1529
1168	AND	 1708
1169	AND	 1676
1170	AND	 1681
1171	AND	 1686
1172	AND	 1690
1173	NOT	 1547 1546 1545 1544
1178	NOT	 1552 1551 1550 1549 1548
1184	NOT	 1395
1185	NAND	 1553
1186	NOT	 1396
1187	NOT	 1397
1188	NOT	 1398
1189	NOT	 1399
1190	BUF	 3453 3450 3140 3137
1195	BUF	 3459 3456 3160 3157
1200	NOT	 1567 1566 1565 1564
1205	NOT	 1571 1570 1569 1568
1210	NOT	 1422
1211	NOT	 1423
1212	NOT	 1424
1213	NOT	 1425
1214	NOT	 1426
1215	NOT	 1427
1216	NAND	 1939 1581
1219	BUF	 2407 1519
1222	BUF	 2408 1520
1225	BUF	 2409 1521
1228	BUF	 2410 1522
1231	BUF	 2411 1523
1234	BUF	 2412 1524
1237	BUF	 2413 1525
1240	BUF	 2414 1526
1243	BUF	 2415 1527
1246	BUF	 2416 1528
1249	NOT	 1440
1250	NOT	 1441
1251	BUF	 2428 1572
1254	BUF	 2429 1573
1257	BUF	 2430 1574
1260	BUF	 2431 1575
1263	BUF	 2432 1576
1266	BUF	 2433 1577
1269	NOT	 3981
1275	AND	 1449
1276	AND	 1450
1277	BUF	 3982
1302	OR	 2931
1351	NAND	 1502
1352	NAND	 1506
1353	NAND	 1506
1354	NAND	 1510
1355	NAND	 1510
1395	NAND	 1553
1396	NAND	 1557
1397	NAND	 1557
1398	NAND	 1561
1399	NAND	 1561
1422	NAND	 1578
1423	NAND	 1578
1424	NAND	 1585
1425	NAND	 1585
1426	NAND	 1582
1427	NAND	 1582
1440	NAND	 1588
1441	NAND	 1588
1448	NOT	 3983
1449	NOT	 1591
1450	NOT	 1591
1451	AND	 1596
1452	AND	 1596
1453	AND	 1596
1454	AND	 1600
1455	AND	 1600
1456	AND	 1600
1457	AND	 1606
1458	AND	 1606
1459	AND	 1606
1460	AND	 1612
1461	AND	 1612
1462	AND	 1612
1463	AND	 1615
1464	AND	 1615
1465	AND	 1615
1466	AND	 1619
1467	AND	 1619
1468	AND	 1619
1469	AND	 1624
1470	AND	 1624
1471	AND	 1624
1472	AND	 1628
1473	AND	 1628
1474	AND	 1628
1475	AND	 1631
1476	AND	 1631
1477	AND	 1631
1478	AND	 1634
1479	AND	 1634
1480	AND	 1634
1481	AND	 1637
1482	AND	 1637
1483	AND	 1637
1484	AND	 1642
1485	AND	 1642
1486	AND	 1642
1487	AND	 1647
1488	AND	 1647
1489	AND	 1647
1490	AND	 1651
1491	AND	 1651
1492	AND	 1651
1493	AND	 1656
1494	AND	 1656
1495	AND	 1656
1496	NOT	 1908 1785
1499	NOT	 1909 1785
1502	NAND	 2158 2032 1770
1506	NAND	 2157 2032 1773
1510	NAND	 1781 1778
1513	BUF	 1784 1776
1516	BUF	 1785 1777
1519	NOT	 2302
1520	NOT	 2304
1521	NOT	 2306
1522	NOT	 2308
1523	NOT	 2310
1524	NOT	 2312
1525	NOT	 2314
1526	NOT	 2316
1527	NOT	 2318
1528	NOT	 2320
1529	AND	 1708
1530	AND	 1708
1531	AND	 1708
1532	AND	 1676
1533	AND	 1676
1534	AND	 1676
1535	AND	 1681
1536	AND	 1681
1537	AND	 1681
1538	AND	 1686
1539	AND	 1686
1540	AND	 1686
1541	AND	 1690
1542	AND	 1690
1543	AND	 1690
1544	AND	 2052
1545	AND	 2055
1546	AND	 2058
1547	AND	 2061
1548	AND	 2064
1549	AND	 2067
1550	AND	 2070
1551	AND	 2073
1552	AND	 2076
1553	NAND	 2178 2042 1795
1557	NAND	 2177 2042 1798
1561	NAND	 1804 1801
1564	AND	 2079
1565	AND	 2095
1566	AND	 2098
1567	AND	 2101
1568	AND	 2104
1569	AND	 2107
1570	AND	 2110
1571	AND	 2034
1572	NOT	 2329
1573	NOT	 2331
1574	NOT	 2333
1575	NOT	 2335
1576	NOT	 2337
1577	NOT	 2339
1578	NAND	 1809 1808
1581	NOT	 1809
1582	NAND	 1941 1810
1585	NAND	 1940 1811
1588	NAND	 2760 1807
1591	AND	 3877 1823 1822 1726
1596	OR	 1833 1824 1813
1600	OR	 1936 1910 1836 1830 1815
1606	OR	 1911 1841 1831 1827 1814
1612	OR	 1912 1848
1615	OR	 1913 1852 1821
1619	OR	 1914 1856 1832 1820
1624	OR	 1915 1863 1819
1628	OR	 1916 1870
1631	OR	 1917 1875
1634	OR	 1918 1880
1637	OR	 1951 1932 1894 1818
1642	OR	 1960 1933 1897 1816
1647	OR	 1957 1934 1817
1651	OR	 2154 1966 1935 1885
1656	OR	 2156 1963 1888
1676	OR	 2634 2608 1942 1928
1681	OR	 2635 2609 1948 1929
1686	OR	 1945 1930 1891
1690	OR	 1954 1931
1708	OR	 2322 1919
1726	BUF	 3984
1770	NOT	 2157 2033
1773	NOT	 2158 2033
1776	NOT	 1908
1777	NOT	 1909
1778	BUF	 2032 2028
1781	BUF	 2033 2029
1784	AND	 2030
1785	AND	 2031
1795	NOT	 2177 2043
1798	NOT	 2178 2043
1801	BUF	 2042 2040
1804	BUF	 2043 2041
1807	NOT	 2694
1808	NOT	 1939
1809	NAND	 2046
1810	NOT	 1940
1811	NOT	 1941
1813	AND	 3546
1814	AND	 2496
1815	AND	 1969
1816	NOT	 3985
1817	NOT	 3986
1818	NOT	 3987
1819	NOT	 3988
1820	NOT	 3989
1821	NOT	 3990
1822	AND	 1970
1823	AND	 1971
1824	BUF	 2210 2125
1827	NOT	 2197 2120
1830	AND	 2521
1831	AND	 2266
1832	AND	 2269
1833	NOT	 2204 2188
1836	NOT	 3428 3409 2201 2185
1841	NOT	 3500 3480 2216 2213 2207 2191
1848	BUF	 2128 2127 2010
1852	BUF	 2135 2126 2012
1856	BUF	 2809 2789 2631 2611 2194 2014
1863	BUF	 2810 2790 2632 2612 2141 2016
1870	BUF	 2811 2791 2144 2018
1875	BUF	 2812 2792 2147 2020
1880	BUF	 2633 2607 2150 2022
1885	NAND	 2154 2153
1888	NAND	 2156 2155
1891	BUF	 2636 2610
1894	AND	 2119 2113
1897	NOT	 2250 2113
1908	AND	 2030
1909	AND	 2031
1910	AND	 2052
1911	AND	 2055
1912	AND	 2058
1913	AND	 2061
1914	AND	 2064
1915	AND	 2067
1916	AND	 2070
1917	AND	 2073
1918	AND	 2076
1919	NOT	 2172
1928	AND	 2079
1929	AND	 2095
1930	AND	 2098
1931	AND	 2101
1932	AND	 2104
1933	AND	 2107
1934	AND	 2110
1935	AND	 2034
1936	BUF	 2579 2200
1939	NAND	 2046
1940	NAND	 2049
1941	NAND	 2049
1942	BUF	 2172 2171
1945	BUF	 2324 2173
1948	BUF	 2323 2174
1951	BUF	 2326 2175
1954	BUF	 2325 2176
1957	BUF	 2355 2234
1960	BUF	 2354 2235
1963	BUF	 2357 2236
1966	BUF	 2356 2237
1969	OR	 3991
1970	NOT	 3992
1971	NOT	 3993
2010	BUF	 3994
2012	BUF	 3995
2014	BUF	 3996
2016	BUF	 3997
2018	BUF	 3998
2020	BUF	 3999
2022	BUF	 4000
2028	NOT	 2157
2029	NOT	 2158
2030	BAD	 2219
2031	BAD	 2219
2032	AND	 2297
2033	AND	 2298
2034	OR	 2750
2040	NOT	 2177
2041	NOT	 2178
2042	AND	 2327
2043	AND	 2328
2046	NAND	 2528 2300
2049	NAND	 2747 2301
2052	OR	 2303 2302
2055	OR	 2305 2304
2058	OR	 2307 2306
2061	OR	 2309 2308
2064	OR	 2311 2310
2067	OR	 2313 2312
2070	OR	 2315 2314
2073	OR	 2317 2316
2076	OR	 2319 2318
2079	OR	 2321 2320
2095	OR	 2330 2329
2098	OR	 2332 2331
2101	OR	 2334 2333
2104	OR	 2336 2335
2107	OR	 2338 2337
2110	OR	 2340 2339
2113	AND	 2395 2391 2382 2377 2359
2119	NOT	 2250
2120	NAND	 2469 2386 2368 2358
2125	AND	 3780
2126	AND	 2266
2127	AND	 2269
2128	NOT	 3499 3479 2478 2472 2454 2434
2135	NOT	 3517 3498 2481 2475 2437
2141	NOT	 2460 2443
2144	NOT	 2457 2440
2147	NOT	 2466 2449
2150	NOT	 2463 2446
2153	AND	 2291
2154	AND	 2291
2155	AND	 2294
2156	AND	 2294
2157	AND	 2297
2158	AND	 2298
2171	NOT	 2322
2172	NAND	 2417
2173	NOT	 2323
2174	NOT	 2324
2175	NOT	 2325
2176	NOT	 2326
2177	AND	 2327
2178	AND	 2328
2185	BUF	 2504 2364
2188	BUF	 2503 2365
2191	BUF	 2719 2366
2194	NOT	 2720 2367
2197	NOT	 2453 2452
2200	NOT	 2453
2201	BUF	 2511 2372
2204	BUF	 2510 2373
2207	BUF	 2726 2374
2210	BUF	 3286 2375
2213	BUF	 3670 2376
2216	BUF	 3697 2403
2219	NAND	 2406 2400
2234	NOT	 2354
2235	NOT	 2355
2236	NOT	 2356
2237	NOT	 2357
2250	AND	 2540 2537
2266	OR	 2388 2387
2269	OR	 2390 2389
2291	OR	 2710 2531
2294	OR	 2709 2534
2297	BAD	 2484
2298	BAD	 2484
2300	NOT	 2400
2301	NOT	 2664
2302	NAND	 2544
2303	NOT	 2407
2304	NAND	 2545
2305	NOT	 2408
2306	NAND	 2546
2307	NOT	 2409
2308	NAND	 2547
2309	NOT	 2410
2310	NAND	 2548
2311	NOT	 2411
2312	NAND	 2549
2313	NOT	 2412
2314	NAND	 2550
2315	NOT	 2413
2316	NAND	 2551
2317	NOT	 2414
2318	NAND	 2552
2319	NOT	 2415
2320	NAND	 2553
2321	NOT	 2416
2322	NAND	 2417
2323	NAND	 2421
2324	NAND	 2421
2325	NAND	 2425
2326	NAND	 2425
2327	BAD	 2493
2328	BAD	 2493
2329	NAND	 2563
2330	NOT	 2428
2331	NAND	 2564
2332	NOT	 2429
2333	NAND	 2565
2334	NOT	 2430
2335	NAND	 2566
2336	NOT	 2431
2337	NAND	 2567
2338	NOT	 2432
2339	NAND	 2568
2340	NOT	 2433
2354	NAND	 2490
2355	NAND	 2490
2356	NAND	 2487
2357	NAND	 2487
2358	AND	 2496
2359	NOT	 2659 2603
2364	NOT	 2503
2365	NOT	 2504
2366	NOT	 2618
2367	NOT	 2619
2368	BUF	 3284 3193 2621
2372	NOT	 2510
2373	NOT	 2511
2374	NOT	 2629
2375	NOT	 3195
2376	NOT	 3598
2377	NOT	 2610 2609 2608 2607
2382	BUF	 2638 2612 2611
2386	AND	 2521
2387	BUF	 4001
2388	BUF	 4002
2389	BUF	 4003
2390	BUF	 4004
2391	BUF	 2646 2632 2631
2395	NOT	 2636 2635 2634 2633
2400	NAND	 2652
2403	NOT	 3633
2406	NOT	 2528
2407	NAND	 2544
2408	NAND	 2545
2409	NAND	 2546
2410	NAND	 2547
2411	NAND	 2548
2412	NAND	 2549
2413	NAND	 2550
2414	NAND	 2551
2415	NAND	 2552
2416	NAND	 2553
2417	NAND	 2939 2839 2681
2421	NAND	 2938 2839 2684
2425	NAND	 2690 2687
2428	NAND	 2563
2429	NAND	 2564
2430	NAND	 2565
2431	NAND	 2566
2432	NAND	 2567
2433	NAND	 2568
2434	BUF	 2618 2617
2437	BUF	 2620 2619
2440	BUF	 2772 2695
2443	BUF	 2771 2696
2446	BUF	 2774 2697
2449	BUF	 2773 2698
2452	NOT	 2579
2453	NAND	 2703
2454	BUF	 2629 2628
2457	BUF	 2776 2699
2460	BUF	 2775 2700
2463	BUF	 2778 2701
2466	BUF	 2777 2702
2469	NOT	 2963 2706
2472	BUF	 3669 2630
2475	BUF	 3695 2645
2478	BUF	 3696 2655
2481	BUF	 3720 2656
2484	NAND	 2664 2663
2487	NAND	 2782 2707
2490	NAND	 2781 2708
2493	NAND	 2694 2693
2496	OR	 4005
2503	NAND	 2613
2504	NAND	 2613
2510	NAND	 2624
2511	NAND	 2624
2521	OR	 2644 2643
2528	NAND	 2652
2531	NOT	 2784 2710
2534	NOT	 2783 2709
2537	BUF	 2738 2729
2540	BUF	 2766 2761
2544	NAND	 2674
2545	NAND	 2673
2546	NAND	 2672
2547	NAND	 2671
2548	NAND	 2670
2549	NAND	 2669
2550	NAND	 2668
2551	NAND	 2667
2552	NAND	 2666
2553	NAND	 2665
2563	NAND	 2680
2564	NAND	 2679
2565	NAND	 2678
2566	NAND	 2677
2567	NAND	 2676
2568	NAND	 2675
2579	NAND	 2703
2603	BUF	 2854 2844 2820
2607	AND	 2894
2608	AND	 2895
2609	AND	 2896
2610	AND	 2897
2611	AND	 2898
2612	AND	 2899
2613	NAND	 3282 3191 2793
2617	NOT	 2719
2618	NAND	 2796
2619	NAND	 2800
2620	NOT	 2720
2621	NOT	 3283 3194
2624	NAND	 3283 3193 2803
2628	NOT	 2726
2629	NAND	 2806
2630	NOT	 3597
2631	AND	 2914
2632	AND	 2915
2633	AND	 2918
2634	AND	 2919
2635	AND	 2920
2636	AND	 2921
2638	NOT	 2792 2791 2790 2789
2643	BUF	 4006
2644	BUF	 4007
2645	NOT	 3630
2646	NOT	 2812 2811 2810 2809
2652	NAND	 2743
2655	NOT	 3632
2656	NOT	 3662
2659	BUF	 2869 2859 2831
2663	NOT	 2747
2664	NAND	 2826
2665	NOT	 2748
2666	NOT	 2748
2667	NOT	 2748
2668	NOT	 2748
2669	NOT	 2748
2670	NOT	 2749
2671	NOT	 2749
2672	NOT	 2749
2673	NOT	 2749
2674	NOT	 2749
2675	NOT	 2750
2676	NOT	 2751
2677	NOT	 2751
2678	NOT	 2751
2679	NOT	 2751
2680	NOT	 2751
2681	NOT	 2938 2840
2684	NOT	 2939 2840
2687	BUF	 2839 2837
2690	BUF	 2840 2838
2693	NOT	 2760
2694	NAND	 2841
2695	NOT	 2771
2696	NOT	 2772
2697	NOT	 2773
2698	NOT	 2774
2699	NOT	 2775
2700	NOT	 2776
2701	NOT	 2777
2702	NOT	 2778
2703	NAND	 2881 2880
2706	NOT	 2881
2707	NOT	 2781
2708	NOT	 2782
2709	AND	 2783
2710	AND	 2784
2719	NAND	 2796
2720	NAND	 2800
2726	NAND	 2806
2729	BUF	 2897 2896 2895 2894
2738	BUF	 2921 2920 2919 2918
2743	NOT	 2817
2747	NAND	 2826
2748	AND	 2829
2749	AND	 2829
2750	AND	 2830
2751	AND	 2830
2760	NAND	 2841
2761	BUF	 3152 3149 3146 3143
2766	BUF	 3172 3169 3166 3163
2771	NAND	 2877
2772	NAND	 2877
2773	NAND	 2874
2774	NAND	 2874
2775	NAND	 2885
2776	NAND	 2885
2777	NAND	 2882
2778	NAND	 2882
2781	NAND	 2888
2782	NAND	 2888
2783	OR	 2891
2784	OR	 2891
2789	AND	 2898
2790	AND	 2899
2791	AND	 2900
2792	AND	 2901
2793	NOT	 3281 3192
2796	NAND	 3281 3191 2992
2800	NAND	 2998 2995
2803	NOT	 3284 3194
2806	NAND	 3004 3001
2809	AND	 2914
2810	AND	 2915
2811	AND	 2916
2812	AND	 2917
2817	AND	 3028 2925
2820	BUF	 3037 3036 3035 3030 3007
2826	NAND	 3876 2971
2829	AND	 2931
2830	AND	 2931
2831	BUF	 3046 3045 3044 3039 3029
2837	NOT	 2938
2838	NOT	 2939
2839	AND	 3047
2840	AND	 3048
2841	NAND	 3826 2970
2844	BUF	 3056 3055 3054 3053 3050
2854	BUF	 3060 3059 3058 3057
2859	BUF	 3067 3066 3065 3064 3061
2869	BUF	 3071 3070 3069 3068
2874	NAND	 3176 3072
2877	NAND	 3175 3073
2880	NOT	 2963
2881	NAND	 3076
2882	NAND	 3178 3074
2885	NAND	 3177 3075
2888	NAND	 3410 3049
2891	NAND	 4008
2894	AND	 2972
2895	AND	 2975
2896	AND	 2978
2897	AND	 2981
2898	OR	 2984
2899	OR	 2985
2900	AND	 2986
2901	AND	 2989
2914	OR	 3008
2915	OR	 3009
2916	AND	 3010
2917	AND	 3013
2918	AND	 3016
2919	AND	 3019
2920	AND	 3022
2921	AND	 3025
2925	BUF	 4009
2931	AND	 3079 3038
2938	AND	 3047
2939	AND	 3048
2963	NAND	 3076
2970	NOT	 4010
2971	NOT	 4011
2972	NOT	 3296 3253
2975	NOT	 3295 3250
2978	NOT	 3293 3247
2981	NOT	 3291 3244
2984	AND	 3088
2985	AND	 3091
2986	NOT	 3301 3259
2989	NOT	 3299 3256
2992	NOT	 3282 3192
2995	BUF	 3191 3187
2998	BUF	 3192 3188
3001	BUF	 3193 3189
3004	BUF	 3194 3190
3007	AND	 3288
3008	AND	 3110
3009	AND	 3113
3010	NOT	 3314 3277
3013	NOT	 3312 3274
3016	NOT	 3309 3271
3019	NOT	 3308 3268
3022	NOT	 3306 3265
3025	NOT	 3304 3262
3028	NOT	 3876
3029	AND	 3302
3030	NOT	 3217 3216 3215 3197
3035	AND	 3315
3036	AND	 3318
3037	AND	 3321
3038	BUF	 4012
3039	NOT	 3220 3219 3218 3208
3044	AND	 3324
3045	AND	 3327
3046	AND	 3330
3047	BAD	 3180
3048	BAD	 3180
3049	NOT	 3289
3050	NOT	 3223 3222
3053	AND	 3334
3054	AND	 3335
3055	AND	 3137
3056	AND	 3140
3057	AND	 3143
3058	AND	 3146
3059	AND	 3149
3060	AND	 3152
3061	NOT	 3231 3230
3064	AND	 3336
3065	AND	 3337
3066	AND	 3157
3067	AND	 3160
3068	AND	 3163
3069	AND	 3166
3070	AND	 3169
3071	AND	 3172
3072	NOT	 3175
3073	NOT	 3176
3074	NOT	 3177
3075	NOT	 3178
3076	NAND	 3196 3195
3079	NOT	 4013
3088	NOT	 3559 3367
3091	NOT	 3558 3364
3110	NOT	 3570 3397
3113	NOT	 3569 3394
3137	AND	 3360 3301
3140	AND	 3356 3299
3143	AND	 3352 3296
3146	AND	 3348 3295
3149	AND	 3344 3293
3152	AND	 3340 3291
3157	AND	 3390 3314
3160	AND	 3386 3312
3163	AND	 3382 3309
3166	AND	 3378 3308
3169	AND	 3374 3306
3172	AND	 3370 3304
3175	NAND	 3238
3176	NAND	 3238
3177	NAND	 3241
3178	NAND	 3241
3180	NAND	 3333 3289
3187	NOT	 3281
3188	NOT	 3282
3189	NOT	 3283
3190	NOT	 3284
3191	AND	 3401
3192	AND	 3402
3193	AND	 3403
3194	AND	 3404
3195	NAND	 3400
3196	NOT	 3286
3197	AND	 3288
3208	AND	 3302
3215	AND	 3315
3216	AND	 3318
3217	AND	 3321
3218	AND	 3324
3219	AND	 3327
3220	AND	 3330
3222	AND	 3334
3223	AND	 3335
3230	AND	 3336
3231	AND	 3337
3238	NAND	 3667 3405
3241	NAND	 3668 3406
3244	BUF	 3552 3412
3247	BUF	 3553 3414
3250	BUF	 3554 3416
3253	BUF	 3555 3418
3256	BUF	 3556 3420
3259	BUF	 3557 3422
3262	BUF	 3563 3430
3265	BUF	 3564 3432
3268	BUF	 3565 3434
3271	BUF	 3566 3436
3274	BUF	 3567 3438
3277	BUF	 3568 3440
3281	AND	 3401
3282	AND	 3402
3283	AND	 3403
3284	AND	 3404
3286	NAND	 3400
3288	OR	 3409
3289	NAND	 3481
3291	AND	 3762
3293	AND	 3732
3295	AND	 3733
3296	AND	 3734
3299	AND	 3816
3301	AND	 3735
3302	OR	 3428
3304	AND	 3775
3306	AND	 3745
3308	AND	 3746
3309	AND	 3747
3312	AND	 3820
3314	AND	 3748
3315	OR	 3531 3480
3318	OR	 3528 3479
3321	OR	 3534 3498
3324	OR	 3540 3500
3327	OR	 3537 3499
3330	OR	 3543 3517
3333	NOT	 3410
3334	OR	 3450
3335	OR	 3453
3336	OR	 3456
3337	OR	 3459
3340	BUF	 3483 3482
3344	BUF	 3485 3484
3348	BUF	 3487 3486
3352	BUF	 3489 3488
3356	BUF	 3491 3490
3360	BUF	 3493 3492
3364	BUF	 3728 3494
3367	BUF	 3729 3496
3370	BUF	 3502 3501
3374	BUF	 3504 3503
3378	BUF	 3506 3505
3382	BUF	 3508 3507
3386	BUF	 3510 3509
3390	BUF	 3512 3511
3394	BUF	 3741 3513
3397	BUF	 3742 3515
3400	NAND	 3478
3401	BAD	 3522
3402	BAD	 3522
3403	BAD	 3525
3404	BAD	 3525
3405	NOT	 3593
3406	NOT	 3595
3409	AND	 3779
3410	NAND	 3481
3412	NOT	 3483
3414	NOT	 3485
3416	NOT	 3487
3418	NOT	 3489
3420	NOT	 3491
3422	NOT	 3493
3428	AND	 3794
3430	NOT	 3502
3432	NOT	 3504
3434	NOT	 3506
3436	NOT	 3508
3438	NOT	 3510
3440	NOT	 3512
3450	AND	 3579 3559
3453	AND	 3576 3558
3456	AND	 3588 3570
3459	AND	 3585 3569
3478	AND	 3546
3479	AND	 3802
3480	AND	 3778
3481	NAND	 3551
3482	NOT	 3552
3483	NAND	 3603
3484	NOT	 3553
3485	NAND	 3608
3486	NOT	 3554
3487	NAND	 3612
3488	NOT	 3555
3489	NAND	 3615
3490	NOT	 3556
3491	NAND	 3616
3492	NOT	 3557
3493	NAND	 3622
3494	NOT	 3692
3496	NOT	 3694
3498	AND	 3808
3499	AND	 3811
3500	AND	 3793
3501	NOT	 3563
3502	NAND	 3635
3503	NOT	 3564
3504	NAND	 3640
3505	NOT	 3565
3506	NAND	 3644
3507	NOT	 3566
3508	NAND	 3647
3509	NOT	 3567
3510	NAND	 3648
3511	NOT	 3568
3512	NAND	 3654
3513	NOT	 3717
3515	NOT	 3719
3517	AND	 3815
3522	NAND	 3593 3592
3525	NAND	 3595 3594
3528	BUF	 3597 3596
3531	BUF	 3599 3598
3534	BUF	 3630 3629
3537	BUF	 3632 3631
3540	BUF	 3634 3633
3543	BUF	 3662 3661
3546	OR	 4014
3551	NOT	 3600
3552	NAND	 3603
3553	NAND	 3608
3554	NAND	 3612
3555	NAND	 3615
3556	NAND	 3616
3557	NAND	 3622
3558	AND	 3736
3559	AND	 3807
3563	NAND	 3635
3564	NAND	 3640
3565	NAND	 3644
3566	NAND	 3647
3567	NAND	 3648
3568	NAND	 3654
3569	AND	 3749
3570	AND	 3814
3576	BUF	 3692 3691
3579	BUF	 3694 3693
3585	BUF	 3717 3716
3588	BUF	 3719 3718
3592	NOT	 3667
3593	NAND	 3721
3594	NOT	 3668
3595	NAND	 3722
3596	NOT	 3669
3597	NAND	 3723
3598	NAND	 3726
3599	NOT	 3670
3600	AND	 3727 3671
3603	NAND	 3734 3733 3732 3731
3608	NAND	 3734 3733 3731
3612	NAND	 3734 3731
3615	NAND	 3731
3616	NAND	 3808 3807 3806 3736 3735
3622	NAND	 3808 3807 3806 3736
3629	NOT	 3695
3630	NAND	 3730
3631	NOT	 3696
3632	NAND	 3737
3633	NAND	 3740
3634	NOT	 3697
3635	NAND	 3747 3746 3745 3744
3640	NAND	 3747 3746 3744
3644	NAND	 3747 3744
3647	NAND	 3744
3648	NAND	 3815 3814 3813 3749 3748
3654	NAND	 3815 3814 3813 3749
3661	NOT	 3720
3662	NAND	 3743
3667	NAND	 3721
3668	NAND	 3722
3669	NAND	 3723
3670	NAND	 3726
3671	BUF	 4015
3691	NOT	 3728
3692	NAND	 3754
3693	NOT	 3729
3694	NAND	 3758
3695	NAND	 3730
3696	NAND	 3737
3697	NAND	 3740
3716	NOT	 3741
3717	NAND	 3767
3718	NOT	 3742
3719	NAND	 3771
3720	NAND	 3743
3721	NAND	 3750
3722	NAND	 3753
3723	NAND	 3779 3778
3726	NAND	 3779
3727	NOT	 3826
3728	NAND	 3754
3729	NAND	 3758
3730	NAND	 3806
3731	AND	 3761
3732	AND	 3762
3733	AND	 3762
3734	AND	 3762
3735	AND	 3816
3736	AND	 3816
3737	NAND	 3794 3793
3740	NAND	 3794
3741	NAND	 3767
3742	NAND	 3771
3743	NAND	 3813
3744	AND	 3774
3745	AND	 3775
3746	AND	 3775
3747	AND	 3775
3748	AND	 3820
3749	AND	 3820
3750	NOT	 3790
3753	AND	 3780
3754	NAND	 3808 3807 3806
3758	NAND	 3808 3806
3761	NOT	 3818
3762	OR	 3838 3805
3767	NAND	 3815 3814 3813
3771	NAND	 3815 3813
3774	NOT	 3822
3775	OR	 3839 3812
3778	AND	 3802
3779	AND	 3802
3780	OR	 3804 3803
3790	AND	 3819 3809
3793	AND	 3811
3794	AND	 3811
3802	OR	 3817
3803	BUF	 4016
3804	BUF	 4017
3805	NOT	 3818
3806	AND	 3817
3807	AND	 3816
3808	AND	 3816
3809	BUF	 4018
3811	OR	 3821
3812	NOT	 3822
3813	AND	 3821
3814	AND	 3820
3815	AND	 3820
3816	OR	 3823
3817	AND	 3823
3818	NAND	 3835
3819	NOT	 3826
3820	OR	 3827
3821	AND	 3827
3822	NAND	 3837
3823	OR	 3835 3834
3826	AND	 3877
3827	OR	 3837 3836
3834	NOT	 3838
3835	AND	 3840
3836	NOT	 3839
3837	AND	 3843
3838	AND	 3840
3839	AND	 3843
3840	OR	 3858 3852
3843	OR	 3857 3852 3851
3851	BUF	 4019
3852	NAND	 3858 3857
3857	AND	 3859
3858	AND	 3859
3859	OR	 3869 3864
3864	NOT	 3870 3869
3869	AND	 3870
3870	OR	 3876 3875
3875	NOT	 4020
3876	AND	 3877
3877	AND	 3882 3881
3881	BUF	 4021
3882	NOT	 4022
3883	PO	
3884	PO	
3885	PO	
3886	PO	
3887	PO	
3888	PO	
3889	PO	
3890	PO	
3891	PO	
3892	PO	
3893	PO	
3894	PO	
3895	PO	
3896	PO	
3897	PO	
3898	PO	
3899	PO	
3900	PO	
3901	PO	
3902	PO	
3903	PO	
3904	PO	
3905	PO	
3906	PO	
3907	PO	
3908	PO	
3909	PO	
3910	PO	
3911	PO	
3912	PO	
3913	PO	
3914	PO	
3915	PO	
3916	PO	
3917	PO	
3918	PO	
3919	PO	
3920	PO	
3921	PO	
3922	PO	
3923	PO	
3924	PO	
3925	PO	
3926	PO	
3927	PO	
3928	PO	
3929	PO	
3930	PO	
3931	PO	
3932	PO	
3933	PO	
3934	PO	
3935	PO	
3936	PO	
3937	PO	
3938	PO	
3939	PO	
3940	PO	
3941	PO	
3942	PO	
3943	PO	
3944	PO	
3945	PO	
3946	PO	
3947	PO	
3948	PO	
3949	PO	
3950	PO	
3951	PO	
3952	PO	
3953	PO	
3954	PO	
3955	PO	
3956	PO	
3957	PO	
3958	PO	
3959	PO	
3960	PO	
3961	PO	
3962	PO	
3963	PO	
3964	PO	
3965	PO	
3966	PO	
3967	PO	
3968	PO	
3969	PO	
3970	PO	
3971	PO	
3972	PO	
3973	PO	
3974	PO	
3975	PO	
3976	PO	
3977	PO	
3978	PO	
3979	PO	
3980	PO	
3981	PO	
3982	PO	
3983	PO	
3984	PO	
3985	PO	
3986	PO	
3987	PO	
3988	PO	
3989	PO	
3990	PO	
3991	PO	
3992	PO	
3993	PO	
3994	PO	
3995	PO	
3996	PO	
3997	PO	
3998	PO	
3999	PO	
4000	PO	
4001	PO	
4002	PO	
4003	PO	
4004	PO	
4005	PO	
4006	PO	
4007	PO	
4008	PO	
4009	PO	
4010	PO	
4011	PO	
4012	PO	
4013	PO	
4014	PO	
4015	PO	
4016	PO	
4017	PO	
4018	PO	
4019	PO	
4020	PO	
4021	PO	
4022	PO	

Gate1	Gate2	Fault
1	0	1
2	0	1
3	0	1
4	0	1
5	0	1
6	0	1
7	0	1
8	0	0
8	0	1
11	0	0
11	0	1
543	11	1
1069	11	1
14	0	1
15	0	1
16	0	0
16	0	1
19	0	1
20	0	1
21	0	1
22	0	1
23	0	1
24	0	1
25	0	1
26	0	1
27	0	1
28	0	1
29	0	0
29	0	1
32	0	1
33	0	1
34	0	1
35	0	1
36	0	1
37	0	0
37	0	1
499	37	1
499	37	1
40	0	0
40	0	1
2113	40	1
2250	40	1
43	0	1
44	0	0
44	0	1
544	44	1
47	0	1
48	0	1
49	0	1
50	0	1
51	0	1
52	0	1
53	0	1
54	0	1
55	0	1
56	0	1
57	0	0
57	0	1
547	57	1
60	0	1
61	0	1
62	0	1
63	0	1
64	0	1
65	0	1
66	0	1
67	0	1
68	0	1
69	0	0
69	0	1
547	69	1
72	0	1
73	0	1
74	0	1
75	0	1
76	0	1
77	0	1
78	0	1
79	0	1
80	0	1
81	0	1
82	0	0
82	0	1
544	82	1
85	0	1
86	0	1
87	0	1
88	0	1
89	0	1
90	0	1
91	0	1
92	0	1
93	0	1
94	0	1
95	0	1
96	0	0
96	0	1
544	96	1
99	0	1
100	0	1
101	0	1
102	0	1
103	0	1
104	0	1
105	0	1
106	0	1
107	0	1
108	0	0
108	0	1
547	108	1
111	0	1
112	0	1
113	0	1
114	0	1
115	0	1
116	0	1
117	0	1
118	0	1
119	0	1
120	0	0
120	0	1
547	120	1
123	0	1
124	0	1
125	0	1
126	0	1
127	0	1
128	0	1
129	0	1
130	0	1
131	0	1
132	0	0
132	0	1
544	132	1
135	0	1
136	0	1
137	0	1
138	0	1
139	0	1
140	0	1
141	0	1
142	0	1
143	0	0
143	0	1
144	0	0
144	0	1
145	0	0
145	0	1
146	0	0
146	0	1
147	0	0
147	0	1
148	0	0
148	0	1
149	0	0
149	0	1
150	0	0
150	0	1
151	0	0
151	0	1
152	0	0
152	0	1
153	0	0
153	0	1
154	0	0
154	0	1
155	0	0
155	0	1
156	0	0
156	0	1
157	0	0
157	0	1
158	0	0
158	0	1
159	0	0
159	0	1
160	0	0
160	0	1
161	0	0
161	0	1
162	0	0
162	0	1
163	0	0
163	0	1
164	0	0
164	0	1
165	0	0
165	0	1
166	0	0
166	0	1
167	0	0
167	0	1
168	0	0
168	0	1
169	0	0
169	0	1
170	0	0
170	0	1
171	0	0
171	0	1
172	0	0
172	0	1
173	0	0
173	0	1
174	0	0
174	0	1
175	0	0
175	0	1
176	0	0
176	0	1
177	0	0
177	0	1
178	0	0
178	0	1
179	0	0
179	0	1
180	0	0
180	0	1
181	0	0
181	0	1
182	0	0
182	0	1
183	0	0
183	0	1
184	0	0
184	0	1
185	0	0
185	0	1
186	0	0
186	0	1
187	0	0
187	0	1
188	0	0
188	0	1
189	0	0
189	0	1
190	0	0
190	0	1
191	0	0
191	0	1
192	0	0
192	0	1
193	0	0
193	0	1
194	0	0
194	0	1
195	0	0
195	0	1
196	0	0
196	0	1
197	0	0
197	0	1
198	0	0
198	0	1
199	0	0
199	0	1
200	0	0
200	0	1
201	0	0
201	0	1
202	0	0
202	0	1
203	0	0
203	0	1
204	0	0
204	0	1
205	0	0
205	0	1
206	0	0
206	0	1
207	0	0
207	0	1
208	0	0
208	0	1
209	0	0
209	0	1
210	0	0
210	0	1
211	0	0
211	0	1
212	0	0
212	0	1
213	0	0
213	0	1
214	0	0
214	0	1
215	0	0
215	0	1
216	0	0
216	0	1
217	0	0
217	0	1
218	0	0
218	0	1
219	0	0
219	0	1
224	0	0
224	0	1
1822	224	1
1823	224	1
227	0	0
227	0	1
231	0	0
231	0	1
1029	231	1
1276	231	1
234	0	0
234	0	1
237	0	0
237	0	1
495	237	1
651	237	1
241	0	0
241	0	1
1813	241	1
1814	241	1
1815	241	1
246	0	0
246	0	1
543	246	1
1832	246	1
2126	246	1
2386	246	1
3753	246	1
253	0	0
253	0	1
256	0	0
256	0	1
259	0	0
259	0	1
263	0	0
263	0	1
266	0	0
266	0	1
269	0	0
269	0	1
272	0	0
272	0	1
275	0	0
275	0	1
278	0	0
278	0	1
281	0	0
281	0	1
284	0	0
284	0	1
287	0	0
287	0	1
290	0	0
290	0	1
294	0	0
294	0	1
297	0	0
297	0	1
485	297	1
301	0	0
301	0	1
485	301	1
305	0	0
305	0	1
485	305	1
309	0	0
309	0	1
485	309	1
313	0	0
313	0	1
316	0	0
316	0	1
319	0	0
319	0	1
322	0	0
322	0	1
325	0	0
325	0	1
1027	325	1
1275	325	1
328	0	0
328	0	1
901	328	1
331	0	0
331	0	1
900	331	1
334	0	0
334	0	1
903	334	1
337	0	0
337	0	1
902	337	1
340	0	0
340	0	1
905	340	1
343	0	0
343	0	1
904	343	1
346	0	0
346	0	1
999	346	1
349	0	0
349	0	1
998	349	1
352	0	0
352	0	1
1351	352	1
355	0	0
355	0	1
1395	355	1
398	0	0
398	0	1
400	0	0
400	0	1
401	0	0
401	0	1
408	0	1
419	0	0
419	0	1
420	0	0
420	0	1
425	0	1
456	0	0
456	0	1
457	0	0
457	0	1
458	0	0
458	0	1
486	0	1
487	0	0
487	0	1
488	0	0
488	0	1
489	0	0
489	0	1
490	0	0
490	0	1
491	0	0
491	0	1
492	0	0
492	0	1
493	0	0
493	0	1
494	0	0
494	0	1
496	0	0
496	0	1
1822	496	1
1823	496	1
500	0	0
500	0	1
1026	500	1
503	0	0
503	0	1
506	0	0
506	0	1
509	0	0
509	0	1
1064	509	1
1065	509	1
1066	509	1
1067	509	1
1068	509	1
1452	509	1
1455	509	1
1458	509	1
1461	509	1
1464	509	1
521	0	0
521	0	1
1064	521	1
1065	521	1
1066	521	1
1067	521	1
1068	521	1
1453	521	1
1456	521	1
1459	521	1
1462	521	1
1465	521	1
533	0	0
533	0	1
1969	533	0
2358	533	1
3478	533	1
537	0	0
537	0	1
1069	537	1
1830	537	1
1831	537	1
2125	537	1
2127	537	1
543	0	0
544	0	0
544	0	1
1034	544	1
547	0	0
547	0	1
1034	547	1
550	0	0
550	0	1
1097	550	1
1098	550	1
1099	550	1
1100	550	1
1101	550	1
1467	550	1
1470	550	1
1473	550	1
1476	550	1
1479	550	1
562	0	0
562	0	1
1097	562	1
1098	562	1
1099	562	1
1100	562	1
1101	562	1
1468	562	1
1471	562	1
1474	562	1
1477	562	1
1480	562	1
574	0	0
574	0	1
3007	574	1
3029	574	1
578	0	0
578	0	1
3035	578	1
3044	578	1
582	0	0
582	0	1
1124	582	1
1125	582	1
1126	582	1
1127	582	1
1128	582	1
1482	582	1
1485	582	1
1488	582	1
1491	582	1
1494	582	1
594	0	0
594	0	1
1124	594	1
1125	594	1
1126	594	1
1127	594	1
1128	594	1
1483	594	1
1486	594	1
1489	594	1
1492	594	1
1495	594	1
606	0	1
607	0	1
608	0	1
609	0	1
610	0	1
611	0	1
612	0	1
613	0	0
613	0	1
1168	613	1
1169	613	1
1170	613	1
1171	613	1
1172	613	1
1530	613	1
1533	613	1
1536	613	1
1539	613	1
1542	613	1
625	0	0
625	0	1
1168	625	1
1169	625	1
1170	625	1
1171	625	1
1172	625	1
1531	625	1
1534	625	1
1537	625	1
1540	625	1
1543	625	1
637	0	0
637	0	1
1910	637	1
1911	637	1
1912	637	1
1913	637	1
643	0	0
643	0	1
1914	643	1
1915	643	1
1916	643	1
1917	643	1
1918	643	1
650	0	1
651	0	0
651	0	1
1027	651	1
1029	651	1
655	0	0
655	0	1
3036	655	1
3045	655	1
659	0	0
659	0	1
3037	659	1
3046	659	1
663	0	0
663	0	1
3053	663	1
3064	663	1
667	0	0
667	0	1
3054	667	1
3065	667	1
671	0	0
671	0	1
3055	671	1
3066	671	1
675	0	0
675	0	1
3056	675	1
3067	675	1
679	0	0
679	0	1
3057	679	1
3068	679	1
683	0	0
683	0	1
3058	683	1
3069	683	1
687	0	0
687	0	1
3059	687	1
3070	687	1
3197	687	1
3208	687	1
693	0	0
693	0	1
1928	693	1
1929	693	1
1930	693	1
1931	693	1
699	0	0
699	0	1
1932	699	1
1933	699	1
1934	699	1
1935	699	1
705	0	0
705	0	1
3060	705	1
3071	705	1
3215	705	1
3218	705	1
711	0	0
711	0	1
3216	711	1
3219	711	1
715	0	0
715	0	1
3217	715	1
3220	715	1
719	0	0
719	0	1
3222	719	1
3230	719	1
723	0	0
723	0	1
3223	723	1
3231	723	1
727	0	0
727	0	1
1885	727	1
2153	727	1
730	0	0
730	0	1
1888	730	1
2155	730	1
733	0	1
734	0	1
735	0	0
735	0	1
1423	735	1
738	0	0
738	0	1
1422	738	1
741	0	0
741	0	1
1141	741	1
744	0	0
744	0	1
1353	744	1
747	0	0
747	0	1
1352	747	1
750	0	0
750	0	1
1355	750	1
753	0	0
753	0	1
1354	753	1
756	0	0
756	0	1
1425	756	1
759	0	0
759	0	1
1424	759	1
762	0	0
762	0	1
1427	762	1
765	0	0
765	0	1
1426	765	1
768	0	0
768	0	1
1185	768	1
771	0	0
771	0	1
1397	771	1
774	0	0
774	0	1
1396	774	1
777	0	0
777	0	1
1399	777	1
780	0	0
780	0	1
1398	780	1
783	0	0
783	0	1
1441	783	1
786	0	0
786	0	1
1440	786	1
792	0	0
792	0	1
799	0	0
799	0	1
800	0	0
800	0	1
3600	800	1
3790	800	1
805	0	0
805	0	1
900	0	1
901	0	1
902	0	1
903	0	1
904	0	1
905	0	1
998	0	1
999	0	1
1026	0	0
1026	0	1
1028	0	0
1028	0	1
1029	0	0
1029	0	1
1032	0	1
1033	0	1
1034	0	0
1034	0	1
1037	0	0
1037	0	1
2900	1037	1
2901	1037	1
2984	1037	1
2985	1037	1
1042	0	0
1042	0	1
1451	1042	1
1453	1042	1
1454	1042	1
1456	1042	1
1457	1042	1
1459	1042	1
1460	1042	1
1462	1042	1
1463	1042	1
1465	1042	1
1053	0	0
1053	0	1
1451	1053	1
1452	1053	1
1454	1053	1
1455	1053	1
1457	1053	1
1458	1053	1
1460	1053	1
1461	1053	1
1463	1053	1
1464	1053	1
1064	0	0
1065	0	0
1066	0	0
1067	0	0
1068	0	0
1069	0	0
1070	0	0
1070	0	1
2916	1070	1
2917	1070	1
3008	1070	1
3009	1070	1
1075	0	0
1075	0	1
1466	1075	1
1468	1075	1
1469	1075	1
1471	1075	1
1472	1075	1
1474	1075	1
1475	1075	1
1477	1075	1
1478	1075	1
1480	1075	1
1086	0	0
1086	0	1
1466	1086	1
1467	1086	1
1469	1086	1
1470	1086	1
1472	1086	1
1473	1086	1
1475	1086	1
1476	1086	1
1478	1086	1
1479	1086	1
1097	0	0
1098	0	0
1099	0	0
1100	0	0
1101	0	0
1102	0	0
1102	0	1
1481	1102	1
1483	1102	1
1484	1102	1
1486	1102	1
1487	1102	1
1489	1102	1
1490	1102	1
1492	1102	1
1493	1102	1
1495	1102	1
1113	0	0
1113	0	1
1481	1113	1
1482	1113	1
1484	1113	1
1485	1113	1
1487	1113	1
1488	1113	1
1490	1113	1
1491	1113	1
1493	1113	1
1494	1113	1
1124	0	0
1125	0	0
1126	0	0
1127	0	0
1128	0	0
1129	0	0
1129	0	1
1784	1129	1
1909	1129	1
1133	0	0
1133	0	1
1784	1133	1
1908	1133	1
1137	0	0
1137	0	1
1140	0	1
1141	0	1
1142	0	1
1143	0	1
1144	0	1
1145	0	1
1146	0	0
1146	0	1
1529	1146	1
1531	1146	1
1532	1146	1
1534	1146	1
1535	1146	1
1537	1146	1
1538	1146	1
1540	1146	1
1541	1146	1
1543	1146	1
1157	0	0
1157	0	1
1529	1157	1
1530	1157	1
1532	1157	1
1533	1157	1
1535	1157	1
1536	1157	1
1538	1157	1
1539	1157	1
1541	1157	1
1542	1157	1
1168	0	0
1169	0	0
1170	0	0
1171	0	0
1172	0	0
1173	0	0
1173	0	1
1544	1173	1
1545	1173	1
1546	1173	1
1547	1173	1
1178	0	0
1178	0	1
1548	1178	1
1549	1178	1
1550	1178	1
1551	1178	1
1552	1178	1
1184	0	1
1185	0	1
1186	0	1
1187	0	1
1188	0	1
1189	0	1
1190	0	0
1190	0	1
3137	1190	1
3140	1190	1
3450	1190	1
3453	1190	1
1195	0	0
1195	0	1
3157	1195	1
3160	1195	1
3456	1195	1
3459	1195	1
1200	0	0
1200	0	1
1564	1200	1
1565	1200	1
1566	1200	1
1567	1200	1
1205	0	0
1205	0	1
1568	1205	1
1569	1205	1
1570	1205	1
1571	1205	1
1210	0	1
1211	0	1
1212	0	1
1213	0	1
1214	0	1
1215	0	1
1216	0	0
1216	0	1
1939	1216	1
1219	0	0
1219	0	1
2407	1219	1
1222	0	0
1222	0	1
2408	1222	1
1225	0	0
1225	0	1
2409	1225	1
1228	0	0
1228	0	1
2410	1228	1
1231	0	0
1231	0	1
2411	1231	1
1234	0	0
1234	0	1
2412	1234	1
1237	0	0
1237	0	1
2413	1237	1
1240	0	0
1240	0	1
2414	1240	1
1243	0	0
1243	0	1
2415	1243	1
1246	0	0
1246	0	1
2416	1246	1
1249	0	1
1250	0	1
1251	0	0
1251	0	1
2428	1251	1
1254	0	0
1254	0	1
2429	1254	1
1257	0	0
1257	0	1
2430	1257	1
1260	0	0
1260	0	1
2431	1260	1
1263	0	0
1263	0	1
2432	1263	1
1266	0	0
1266	0	1
2433	1266	1
1269	0	0
1269	0	1
1277	0	0
1277	0	1
1302	0	1
1351	0	1
1352	0	1
1353	0	1
1354	0	1
1355	0	1
1395	0	1
1396	0	1
1397	0	1
1398	0	1
1399	0	1
1422	0	1
1423	0	1
1424	0	1
1425	0	1
1426	0	1
1427	0	1
1440	0	1
1441	0	1
1448	0	0
1448	0	1
1449	0	1
1450	0	1
1451	0	0
1452	0	0
1453	0	0
1454	0	0
1455	0	0
1456	0	0
1457	0	0
1458	0	0
1459	0	0
1460	0	0
1461	0	0
1462	0	0
1463	0	0
1464	0	0
1465	0	0
1466	0	0
1467	0	0
1468	0	0
1469	0	0
1470	0	0
1471	0	0
1472	0	0
1473	0	0
1474	0	0
1475	0	0
1476	0	0
1477	0	0
1478	0	0
1479	0	0
1480	0	0
1481	0	0
1482	0	0
1483	0	0
1484	0	0
1485	0	0
1486	0	0
1487	0	0
1488	0	0
1489	0	0
1490	0	0
1491	0	0
1492	0	0
1493	0	0
1494	0	0
1495	0	0
1496	0	0
1496	0	1
1785	1496	1
1908	1496	1
1499	0	0
1499	0	1
1785	1499	1
1909	1499	1
1502	0	0
1502	0	1
2032	1502	1
2158	1502	1
1506	0	0
1506	0	1
2032	1506	1
2157	1506	1
1510	0	0
1510	0	1
1513	0	0
1513	0	1
1784	1513	1
1516	0	0
1516	0	1
1785	1516	1
1519	0	1
1520	0	1
1521	0	1
1522	0	1
1523	0	1
1524	0	1
1525	0	1
1526	0	1
1527	0	1
1528	0	1
1529	0	0
1530	0	0
1531	0	0
1532	0	0
1533	0	0
1534	0	0
1535	0	0
1536	0	0
1537	0	0
1538	0	0
1539	0	0
1540	0	0
1541	0	0
1542	0	0
1543	0	0
1544	0	0
1545	0	0
1546	0	0
1547	0	0
1548	0	0
1549	0	0
1550	0	0
1551	0	0
1552	0	0
1553	0	0
1553	0	1
2042	1553	1
2178	1553	1
1557	0	0
1557	0	1
2042	1557	1
2177	1557	1
1561	0	0
1561	0	1
1564	0	0
1565	0	0
1566	0	0
1567	0	0
1568	0	0
1569	0	0
1570	0	0
1571	0	0
1572	0	1
1573	0	1
1574	0	1
1575	0	1
1576	0	1
1577	0	1
1578	0	0
1578	0	1
1809	1578	1
1581	0	1
1582	0	0
1582	0	1
1941	1582	1
1585	0	0
1585	0	1
1940	1585	1
1588	0	0
1588	0	1
2760	1588	1
1591	0	0
1591	0	1
1822	1591	1
1823	1591	1
3877	1591	1
1596	0	0
1596	0	1
1813	1596	1
1600	0	0
1600	0	1
1815	1600	1
1830	1600	1
1910	1600	1
1606	0	0
1606	0	1
1814	1606	1
1831	1606	1
1911	1606	1
1612	0	0
1612	0	1
1912	1612	1
1615	0	0
1615	0	1
1913	1615	1
1619	0	0
1619	0	1
1832	1619	1
1914	1619	1
1624	0	0
1624	0	1
1915	1624	1
1628	0	0
1628	0	1
1916	1628	1
1631	0	0
1631	0	1
1917	1631	1
1634	0	0
1634	0	1
1918	1634	1
1637	0	0
1637	0	1
1894	1637	1
1932	1637	1
1642	0	0
1642	0	1
1933	1642	1
1647	0	0
1647	0	1
1934	1647	1
1651	0	0
1651	0	1
1885	1651	1
1935	1651	1
2154	1651	1
1656	0	0
1656	0	1
1888	1656	1
2156	1656	1
1676	0	0
1676	0	1
1928	1676	1
2608	1676	1
2634	1676	1
1681	0	0
1681	0	1
1929	1681	1
2609	1681	1
2635	1681	1
1686	0	0
1686	0	1
1930	1686	1
1690	0	0
1690	0	1
1931	1690	1
1708	0	0
1708	0	1
2322	1708	1
1726	0	0
1726	0	1
1770	0	0
1770	0	1
2033	1770	1
2157	1770	1
1773	0	0
1773	0	1
2033	1773	1
2158	1773	1
1776	0	1
1777	0	1
1778	0	0
1778	0	1
2032	1778	1
1781	0	0
1781	0	1
2033	1781	1
1784	0	0
1785	0	0
1795	0	0
1795	0	1
2043	1795	1
2177	1795	1
1798	0	0
1798	0	1
2043	1798	1
2178	1798	1
1801	0	0
1801	0	1
2042	1801	1
1804	0	0
1804	0	1
2043	1804	1
1807	0	1
1808	0	1
1809	0	1
1810	0	1
1811	0	1
1813	0	0
1814	0	0
1815	0	0
1816	0	0
1816	0	1
1817	0	0
1817	0	1
1818	0	0
1818	0	1
1819	0	0
1819	0	1
1820	0	0
1820	0	1
1821	0	0
1821	0	1
1824	0	0
1824	0	1
2125	1824	1
1827	0	0
1827	0	1
2120	1827	1
1830	0	0
1831	0	0
1832	0	0
1833	0	0
1833	0	1
1836	0	0
1836	0	1
3409	1836	1
3428	1836	1
1841	0	0
1841	0	1
3480	1841	1
3500	1841	1
1848	0	0
1848	0	1
2127	1848	1
1852	0	0
1852	0	1
2126	1852	1
1856	0	0
1856	0	1
2611	1856	1
2631	1856	1
2789	1856	1
2809	1856	1
1863	0	0
1863	0	1
2612	1863	1
2632	1863	1
2790	1863	1
2810	1863	1
1870	0	0
1870	0	1
2791	1870	1
2811	1870	1
1875	0	0
1875	0	1
2792	1875	1
2812	1875	1
1880	0	0
1880	0	1
2607	1880	1
2633	1880	1
1885	0	0
1885	0	1
2153	1885	1
2154	1885	1
1888	0	0
1888	0	1
2155	1888	1
2156	1888	1
1891	0	0
1891	0	1
2610	1891	1
2636	1891	1
1894	0	0
1894	0	1
2113	1894	1
1897	0	0
1897	0	1
2113	1897	1
2250	1897	1
1908	0	0
1909	0	0
1910	0	0
1911	0	0
1912	0	0
1913	0	0
1914	0	0
1915	0	0
1916	0	0
1917	0	0
1918	0	0
1919	0	1
1928	0	0
1929	0	0
1930	0	0
1931	0	0
1932	0	0
1933	0	0
1934	0	0
1935	0	0
1936	0	0
1936	0	1
2579	1936	1
1939	0	1
1940	0	1
1941	0	1
1942	0	0
1942	0	1
2172	1942	1
1945	0	0
1945	0	1
2324	1945	1
1948	0	0
1948	0	1
2323	1948	1
1951	0	0
1951	0	1
2326	1951	1
1954	0	0
1954	0	1
2325	1954	1
1957	0	0
1957	0	1
2355	1957	1
1960	0	0
1960	0	1
2354	1960	1
1963	0	0
1963	0	1
2357	1963	1
1966	0	0
1966	0	1
2356	1966	1
1969	0	0
1969	0	1
1970	0	0
1970	0	1
1971	0	0
1971	0	1
2010	0	0
2010	0	1
2012	0	0
2012	0	1
2014	0	0
2014	0	1
2016	0	0
2016	0	1
2018	0	0
2018	0	1
2020	0	0
2020	0	1
2022	0	0
2022	0	1
2028	0	1
2029	0	1
2030	0	1
2031	0	1
2032	0	0
2033	0	0
2034	0	1
2040	0	1
2041	0	1
2042	0	0
2043	0	0
2046	0	0
2046	0	1
2528	2046	1
2049	0	0
2049	0	1
2747	2049	1
2052	0	0
2052	0	1
2302	2052	1
2055	0	0
2055	0	1
2304	2055	1
2058	0	0
2058	0	1
2306	2058	1
2061	0	0
2061	0	1
2308	2061	1
2064	0	0
2064	0	1
2310	2064	1
2067	0	0
2067	0	1
2312	2067	1
2070	0	0
2070	0	1
2314	2070	1
2073	0	0
2073	0	1
2316	2073	1
2076	0	0
2076	0	1
2318	2076	1
2079	0	0
2079	0	1
2320	2079	1
2095	0	0
2095	0	1
2329	2095	1
2098	0	0
2098	0	1
2331	2098	1
2101	0	0
2101	0	1
2333	2101	1
2104	0	0
2104	0	1
2335	2104	1
2107	0	0
2107	0	1
2337	2107	1
2110	0	0
2110	0	1
2339	2110	1
2113	0	0
2113	0	1
2119	0	1
2120	0	0
2120	0	1
2358	2120	1
2386	2120	1
2125	0	0
2126	0	0
2127	0	0
2128	0	0
2128	0	1
3479	2128	1
3499	2128	1
2135	0	0
2135	0	1
3498	2135	1
3517	2135	1
2141	0	0
2141	0	1
2144	0	0
2144	0	1
2147	0	0
2147	0	1
2150	0	0
2150	0	1
2153	0	0
2154	0	0
2155	0	0
2156	0	0
2157	0	0
2158	0	0
2171	0	1
2172	0	1
2173	0	1
2174	0	1
2175	0	1
2176	0	1
2177	0	0
2178	0	0
2185	0	0
2185	0	1
2504	2185	1
2188	0	0
2188	0	1
2503	2188	1
2191	0	0
2191	0	1
2719	2191	1
2194	0	0
2194	0	1
2720	2194	1
2197	0	0
2197	0	1
2453	2197	1
2200	0	1
2201	0	0
2201	0	1
2511	2201	1
2204	0	0
2204	0	1
2510	2204	1
2207	0	0
2207	0	1
2726	2207	1
2210	0	0
2210	0	1
3286	2210	1
2213	0	0
2213	0	1
3670	2213	1
2216	0	0
2216	0	1
3697	2216	1
2219	0	0
2219	0	1
2400	2219	1
2234	0	1
2235	0	1
2236	0	1
2237	0	1
2250	0	0
2250	0	1
2266	0	0
2266	0	1
2269	0	0
2269	0	1
2291	0	0
2291	0	1
2710	2291	1
2294	0	0
2294	0	1
2709	2294	1
2297	0	1
2298	0	1
2300	0	1
2301	0	1
2302	0	1
2303	0	1
2304	0	1
2305	0	1
2306	0	1
2307	0	1
2308	0	1
2309	0	1
2310	0	1
2311	0	1
2312	0	1
2313	0	1
2314	0	1
2315	0	1
2316	0	1
2317	0	1
2318	0	1
2319	0	1
2320	0	1
2321	0	1
2322	0	1
2323	0	1
2324	0	1
2325	0	1
2326	0	1
2327	0	1
2328	0	1
2329	0	1
2330	0	1
2331	0	1
2332	0	1
2333	0	1
2334	0	1
2335	0	1
2336	0	1
2337	0	1
2338	0	1
2339	0	1
2340	0	1
2354	0	1
2355	0	1
2356	0	1
2357	0	1
2358	0	0
2359	0	0
2359	0	1
2364	0	1
2365	0	1
2366	0	1
2367	0	1
2368	0	0
2368	0	1
3193	2368	1
3284	2368	1
2372	0	1
2373	0	1
2374	0	1
2375	0	1
2376	0	1
2377	0	0
2377	0	1
2607	2377	1
2608	2377	1
2609	2377	1
2610	2377	1
2382	0	0
2382	0	1
2611	2382	1
2612	2382	1
2386	0	0
2387	0	0
2387	0	1
2388	0	0
2388	0	1
2389	0	0
2389	0	1
2390	0	0
2390	0	1
2391	0	0
2391	0	1
2631	2391	1
2632	2391	1
2395	0	0
2395	0	1
2633	2395	1
2634	2395	1
2635	2395	1
2636	2395	1
2400	0	1
2403	0	1
2406	0	1
2407	0	1
2408	0	1
2409	0	1
2410	0	1
2411	0	1
2412	0	1
2413	0	1
2414	0	1
2415	0	1
2416	0	1
2417	0	0
2417	0	1
2839	2417	1
2939	2417	1
2421	0	0
2421	0	1
2839	2421	1
2938	2421	1
2425	0	0
2425	0	1
2428	0	1
2429	0	1
2430	0	1
2431	0	1
2432	0	1
2433	0	1
2434	0	0
2434	0	1
2618	2434	1
2437	0	0
2437	0	1
2619	2437	1
2440	0	0
2440	0	1
2772	2440	1
2443	0	0
2443	0	1
2771	2443	1
2446	0	0
2446	0	1
2774	2446	1
2449	0	0
2449	0	1
2773	2449	1
2452	0	1
2453	0	1
2454	0	0
2454	0	1
2629	2454	1
2457	0	0
2457	0	1
2776	2457	1
2460	0	0
2460	0	1
2775	2460	1
2463	0	0
2463	0	1
2778	2463	1
2466	0	0
2466	0	1
2777	2466	1
2469	0	0
2469	0	1
2963	2469	1
2472	0	0
2472	0	1
3669	2472	1
2475	0	0
2475	0	1
3695	2475	1
2478	0	0
2478	0	1
3696	2478	1
2481	0	0
2481	0	1
3720	2481	1
2484	0	0
2484	0	1
2664	2484	1
2487	0	0
2487	0	1
2782	2487	1
2490	0	0
2490	0	1
2781	2490	1
2493	0	0
2493	0	1
2694	2493	1
2496	0	0
2496	0	1
2503	0	1
2504	0	1
2510	0	1
2511	0	1
2521	0	0
2521	0	1
2528	0	1
2531	0	0
2531	0	1
2710	2531	1
2784	2531	0
2534	0	0
2534	0	1
2709	2534	1
2783	2534	0
2537	0	0
2537	0	1
2540	0	0
2540	0	1
2579	0	1
2603	0	0
2603	0	1
2607	0	1
2608	0	1
2609	0	1
2610	0	1
2611	0	0
2612	0	0
2613	0	0
2613	0	1
3191	2613	1
3282	2613	1
2617	0	1
2618	0	1
2619	0	1
2620	0	1
2621	0	0
2621	0	1
3194	2621	1
3283	2621	1
2624	0	0
2624	0	1
3193	2624	1
3283	2624	1
2628	0	1
2629	0	1
2630	0	1
2631	0	0
2632	0	0
2633	0	1
2634	0	1
2635	0	1
2636	0	1
2638	0	0
2638	0	1
2789	2638	1
2790	2638	1
2791	2638	1
2792	2638	1
2643	0	0
2643	0	1
2644	0	0
2644	0	1
2645	0	1
2646	0	0
2646	0	1
2809	2646	1
2810	2646	1
2811	2646	1
2812	2646	1
2655	0	1
2656	0	1
2659	0	0
2659	0	1
2663	0	1
2664	0	1
2665	0	1
2666	0	1
2667	0	1
2668	0	1
2669	0	1
2670	0	1
2671	0	1
2672	0	1
2673	0	1
2674	0	1
2675	0	1
2676	0	1
2677	0	1
2678	0	1
2679	0	1
2680	0	1
2681	0	0
2681	0	1
2840	2681	1
2938	2681	1
2684	0	0
2684	0	1
2840	2684	1
2939	2684	1
2687	0	0
2687	0	1
2839	2687	1
2690	0	0
2690	0	1
2840	2690	1
2693	0	1
2694	0	1
2695	0	1
2696	0	1
2697	0	1
2698	0	1
2699	0	1
2700	0	1
2701	0	1
2702	0	1
2703	0	0
2703	0	1
2881	2703	1
2706	0	1
2707	0	1
2708	0	1
2709	0	0
2710	0	0
2719	0	1
2720	0	1
2726	0	1
2729	0	0
2729	0	1
2894	2729	1
2895	2729	1
2896	2729	1
2897	2729	1
2738	0	0
2738	0	1
2918	2738	1
2919	2738	1
2920	2738	1
2921	2738	1
2743	0	1
2747	0	1
2748	0	1
2749	0	1
2750	0	1
2751	0	1
2760	0	1
2761	0	0
2761	0	1
3143	2761	1
3146	2761	1
3149	2761	1
3152	2761	1
2766	0	0
2766	0	1
3163	2766	1
3166	2766	1
3169	2766	1
3172	2766	1
2771	0	1
2772	0	1
2773	0	1
2774	0	1
2775	0	1
2776	0	1
2777	0	1
2778	0	1
2781	0	1
2782	0	1
2783	0	1
2784	0	1
2789	0	0
2790	0	0
2791	0	1
2792	0	1
2793	0	0
2793	0	1
3192	2793	1
3281	2793	1
2796	0	0
2796	0	1
3191	2796	1
3281	2796	1
2800	0	0
2800	0	1
2803	0	0
2803	0	1
3194	2803	1
3284	2803	1
2806	0	0
2806	0	1
2809	0	0
2810	0	0
2811	0	1
2812	0	1
2817	0	0
2817	0	1
2820	0	0
2820	0	1
3007	2820	1
3035	2820	1
3036	2820	1
3037	2820	1
2826	0	0
2826	0	1
3876	2826	1
2829	0	1
2830	0	1
2831	0	0
2831	0	1
3029	2831	1
3044	2831	1
3045	2831	1
3046	2831	1
2837	0	1
2838	0	1
2839	0	0
2840	0	0
2841	0	0
2841	0	1
3826	2841	1
2844	0	0
2844	0	1
3053	2844	1
3054	2844	1
3055	2844	1
3056	2844	1
2854	0	0
2854	0	1
3057	2854	1
3058	2854	1
3059	2854	1
3060	2854	1
2859	0	0
2859	0	1
3064	2859	1
3065	2859	1
3066	2859	1
3067	2859	1
2869	0	0
2869	0	1
3068	2869	1
3069	2869	1
3070	2869	1
3071	2869	1
2874	0	0
2874	0	1
3176	2874	1
2877	0	0
2877	0	1
3175	2877	1
2880	0	1
2881	0	1
2882	0	0
2882	0	1
3178	2882	1
2885	0	0
2885	0	1
3177	2885	1
2888	0	0
2888	0	1
3410	2888	1
2891	0	0
2891	0	1
2898	0	1
2899	0	1
2914	0	1
2915	0	1
2925	0	0
2925	0	1
2931	0	0
2931	0	1
2938	0	0
2939	0	0
2963	0	1
2970	0	0
2970	0	1
2971	0	0
2971	0	1
2972	0	0
2972	0	1
3296	2972	1
2975	0	0
2975	0	1
3295	2975	1
2978	0	0
2978	0	1
3293	2978	1
2981	0	0
2981	0	1
3291	2981	1
2986	0	0
2986	0	1
3301	2986	1
2989	0	0
2989	0	1
3299	2989	1
2992	0	0
2992	0	1
3192	2992	1
3282	2992	1
2995	0	0
2995	0	1
3191	2995	1
2998	0	0
2998	0	1
3192	2998	1
3001	0	0
3001	0	1
3193	3001	1
3004	0	0
3004	0	1
3194	3004	1
3007	0	0
3010	0	0
3010	0	1
3314	3010	1
3013	0	0
3013	0	1
3312	3013	1
3016	0	0
3016	0	1
3309	3016	1
3019	0	0
3019	0	1
3308	3019	1
3022	0	0
3022	0	1
3306	3022	1
3025	0	0
3025	0	1
3304	3025	1
3028	0	1
3029	0	0
3030	0	0
3030	0	1
3197	3030	1
3215	3030	1
3216	3030	1
3217	3030	1
3035	0	0
3036	0	0
3037	0	0
3038	0	0
3038	0	1
3039	0	0
3039	0	1
3208	3039	1
3218	3039	1
3219	3039	1
3220	3039	1
3044	0	0
3045	0	0
3046	0	0
3047	0	1
3048	0	1
3049	0	1
3050	0	0
3050	0	1
3222	3050	1
3223	3050	1
3053	0	0
3054	0	0
3055	0	1
3056	0	1
3057	0	1
3058	0	1
3059	0	1
3060	0	1
3061	0	0
3061	0	1
3230	3061	1
3231	3061	1
3064	0	0
3065	0	0
3066	0	1
3067	0	1
3068	0	1
3069	0	1
3070	0	1
3071	0	1
3072	0	1
3073	0	1
3074	0	1
3075	0	1
3076	0	0
3076	0	1
3195	3076	1
3079	0	0
3079	0	1
3088	0	0
3088	0	1
3559	3088	1
3091	0	0
3091	0	1
3558	3091	1
3110	0	0
3110	0	1
3570	3110	1
3113	0	0
3113	0	1
3569	3113	1
3137	0	0
3137	0	1
3301	3137	1
3140	0	0
3140	0	1
3299	3140	1
3143	0	0
3143	0	1
3296	3143	1
3146	0	0
3146	0	1
3295	3146	1
3149	0	0
3149	0	1
3293	3149	1
3152	0	0
3152	0	1
3291	3152	1
3157	0	0
3157	0	1
3314	3157	1
3160	0	0
3160	0	1
3312	3160	1
3163	0	0
3163	0	1
3309	3163	1
3166	0	0
3166	0	1
3308	3166	1
3169	0	0
3169	0	1
3306	3169	1
3172	0	0
3172	0	1
3304	3172	1
3175	0	1
3176	0	1
3177	0	1
3178	0	1
3180	0	0
3180	0	1
3289	3180	1
3187	0	1
3188	0	1
3189	0	1
3190	0	1
3191	0	0
3192	0	0
3193	0	0
3194	0	0
3195	0	1
3196	0	1
3197	0	0
3208	0	0
3215	0	0
3216	0	0
3217	0	0
3218	0	0
3219	0	0
3220	0	0
3222	0	0
3223	0	0
3230	0	0
3231	0	0
3238	0	0
3238	0	1
3667	3238	1
3241	0	0
3241	0	1
3668	3241	1
3244	0	0
3244	0	1
3552	3244	1
3247	0	0
3247	0	1
3553	3247	1
3250	0	0
3250	0	1
3554	3250	1
3253	0	0
3253	0	1
3555	3253	1
3256	0	0
3256	0	1
3556	3256	1
3259	0	0
3259	0	1
3557	3259	1
3262	0	0
3262	0	1
3563	3262	1
3265	0	0
3265	0	1
3564	3265	1
3268	0	0
3268	0	1
3565	3268	1
3271	0	0
3271	0	1
3566	3271	1
3274	0	0
3274	0	1
3567	3274	1
3277	0	0
3277	0	1
3568	3277	1
3281	0	0
3282	0	0
3283	0	0
3284	0	0
3286	0	1
3288	0	1
3289	0	1
3291	0	0
3293	0	1
3295	0	1
3296	0	1
3299	0	0
3301	0	1
3302	0	1
3304	0	0
3306	0	1
3308	0	1
3309	0	1
3312	0	0
3314	0	1
3315	0	0
3315	0	1
3480	3315	1
3318	0	0
3318	0	1
3479	3318	1
3321	0	0
3321	0	1
3498	3321	1
3324	0	0
3324	0	1
3500	3324	1
3327	0	0
3327	0	1
3499	3327	1
3330	0	0
3330	0	1
3517	3330	1
3333	0	1
3334	0	1
3335	0	1
3336	0	1
3337	0	1
3340	0	0
3340	0	1
3483	3340	1
3344	0	0
3344	0	1
3485	3344	1
3348	0	0
3348	0	1
3487	3348	1
3352	0	0
3352	0	1
3489	3352	1
3356	0	0
3356	0	1
3491	3356	1
3360	0	0
3360	0	1
3493	3360	1
3364	0	0
3364	0	1
3728	3364	1
3367	0	0
3367	0	1
3729	3367	1
3370	0	0
3370	0	1
3502	3370	1
3374	0	0
3374	0	1
3504	3374	1
3378	0	0
3378	0	1
3506	3378	1
3382	0	0
3382	0	1
3508	3382	1
3386	0	0
3386	0	1
3510	3386	1
3390	0	0
3390	0	1
3512	3390	1
3394	0	0
3394	0	1
3741	3394	1
3397	0	0
3397	0	1
3742	3397	1
3400	0	1
3401	0	1
3402	0	1
3403	0	1
3404	0	1
3405	0	1
3406	0	1
3409	0	1
3410	0	1
3412	0	1
3414	0	1
3416	0	1
3418	0	1
3420	0	1
3422	0	1
3428	0	1
3430	0	1
3432	0	1
3434	0	1
3436	0	1
3438	0	1
3440	0	1
3450	0	0
3450	0	1
3559	3450	1
3453	0	0
3453	0	1
3558	3453	1
3456	0	0
3456	0	1
3570	3456	1
3459	0	0
3459	0	1
3569	3459	1
3478	0	0
3479	0	0
3480	0	1
3482	0	1
3483	0	1
3484	0	1
3485	0	1
3486	0	1
3487	0	1
3488	0	1
3489	0	1
3490	0	1
3491	0	1
3492	0	1
3493	0	1
3494	0	1
3496	0	1
3498	0	1
3499	0	0
3500	0	1
3501	0	1
3502	0	1
3503	0	1
3504	0	1
3505	0	1
3506	0	1
3507	0	1
3508	0	1
3509	0	1
3510	0	1
3511	0	1
3512	0	1
3513	0	1
3515	0	1
3517	0	1
3522	0	0
3522	0	1
3593	3522	1
3525	0	0
3525	0	1
3595	3525	1
3528	0	0
3528	0	1
3597	3528	1
3531	0	0
3531	0	1
3598	3531	1
3534	0	0
3534	0	1
3630	3534	1
3537	0	0
3537	0	1
3632	3537	1
3540	0	0
3540	0	1
3633	3540	1
3543	0	0
3543	0	1
3662	3543	1
3546	0	0
3546	0	1
3551	0	1
3552	0	1
3553	0	1
3554	0	1
3555	0	1
3556	0	1
3557	0	1
3558	0	1
3559	0	1
3563	0	1
3564	0	1
3565	0	1
3566	0	1
3567	0	1
3568	0	1
3569	0	1
3570	0	1
3576	0	0
3576	0	1
3692	3576	1
3579	0	0
3579	0	1
3694	3579	1
3585	0	0
3585	0	1
3717	3585	1
3588	0	0
3588	0	1
3719	3588	1
3592	0	1
3593	0	1
3594	0	1
3595	0	1
3596	0	1
3597	0	1
3598	0	1
3599	0	1
3600	0	0
3600	0	1
3603	0	0
3603	0	1
3731	3603	1
3732	3603	1
3733	3603	1
3734	3603	1
3608	0	0
3608	0	1
3731	3608	1
3733	3608	1
3734	3608	1
3612	0	0
3612	0	1
3731	3612	1
3734	3612	1
3615	0	1
3616	0	0
3616	0	1
3735	3616	1
3736	3616	1
3806	3616	1
3807	3616	1
3808	3616	1
3622	0	0
3622	0	1
3736	3622	1
3806	3622	1
3807	3622	1
3808	3622	1
3629	0	1
3630	0	1
3631	0	1
3632	0	1
3633	0	1
3634	0	1
3635	0	0
3635	0	1
3744	3635	1
3745	3635	1
3746	3635	1
3747	3635	1
3640	0	0
3640	0	1
3744	3640	1
3746	3640	1
3747	3640	1
3644	0	0
3644	0	1
3744	3644	1
3747	3644	1
3647	0	1
3648	0	0
3648	0	1
3748	3648	1
3749	3648	1
3813	3648	1
3814	3648	1
3815	3648	1
3654	0	0
3654	0	1
3749	3654	1
3813	3654	1
3814	3654	1
3815	3654	1
3661	0	1
3662	0	1
3667	0	1
3668	0	1
3669	0	1
3670	0	1
3671	0	0
3671	0	1
3691	0	1
3692	0	1
3693	0	1
3694	0	1
3695	0	1
3696	0	1
3697	0	1
3716	0	1
3717	0	1
3718	0	1
3719	0	1
3720	0	1
3722	0	1
3723	0	0
3723	0	1
3778	3723	1
3779	3723	1
3726	0	1
3727	0	1
3728	0	1
3729	0	1
3730	0	1
3732	0	0
3733	0	0
3734	0	0
3735	0	0
3736	0	0
3737	0	0
3737	0	1
3793	3737	1
3794	3737	1
3740	0	1
3741	0	1
3742	0	1
3743	0	1
3745	0	0
3746	0	0
3747	0	0
3748	0	0
3749	0	0
3750	0	1
3753	0	0
3754	0	0
3754	0	1
3806	3754	1
3807	3754	1
3808	3754	1
3758	0	0
3758	0	1
3806	3758	1
3808	3758	1
3761	0	1
3762	0	0
3762	0	1
3838	3762	1
3767	0	0
3767	0	1
3813	3767	1
3814	3767	1
3815	3767	1
3771	0	0
3771	0	1
3813	3771	1
3815	3771	1
3774	0	1
3775	0	0
3775	0	1
3839	3775	1
3778	0	0
3779	0	0
3780	0	0
3780	0	1
3790	0	0
3790	0	1
3793	0	0
3794	0	0
3802	0	1
3803	0	0
3803	0	1
3804	0	0
3804	0	1
3805	0	1
3806	0	1
3807	0	0
3808	0	0
3809	0	0
3809	0	1
3811	0	1
3812	0	1
3813	0	1
3814	0	0
3815	0	0
3816	0	0
3817	0	0
3818	0	1
3819	0	1
3820	0	0
3821	0	0
3822	0	1
3823	0	0
3823	0	1
3835	3823	1
3826	0	1
3827	0	0
3827	0	1
3837	3827	1
3834	0	1
3835	0	0
3836	0	1
3837	0	0
3838	0	0
3839	0	0
3840	0	0
3840	0	1
3852	3840	1
3858	3840	1
3843	0	0
3843	0	1
3852	3843	1
3857	3843	1
3851	0	0
3851	0	1
3852	0	0
3852	0	1
3857	3852	1
3858	3852	1
3857	0	0
3858	0	0
3859	0	0
3859	0	1
3869	3859	1
3864	0	0
3864	0	1
3869	3864	1
3870	3864	0
3869	0	0
3870	0	0
3870	0	1
3876	3870	1
3875	0	0
3875	0	1
3876	0	1
3877	0	0
3877	0	1
3881	0	0
3881	0	1
3882	0	0
3882	0	1

Circuit processing completed. c2670.isc

